Patient.ID	mutation.load	nonsynonymous	frameshift	snp	indel	indel.snp.ratio	tmb	C.A	C.G	C.T	T.C	T.A	T.G	msi
TCGA-3L-AA1B	185	119	1	182	3	0.016	3.132	18.13186813	7.142857143	67.03296703	6.043956044	0.549450549	1.098901099	0
TCGA-4N-A93T	151	85	5	145	6	0.041	2.237	21.37931034	3.448275862	60.68965517	8.275862069	2.75862069	3.448275862	0
TCGA-4T-AA8H	187	118	3	181	6	0.033	3.105	14.36464088	3.867403315	72.9281768	5.524861878	1.657458564	1.657458564	0
TCGA-5M-AAT4	268	171	9	258	10	0.039	4.5	15.11627907	13.95348837	47.6744186	7.751937984	5.813953488	9.689922481	0
TCGA-5M-AAT6	2948	1816	296	2542	406	0.16	47.789	7.041699449	0.708103855	65.65696302	22.93469709	1.101494886	2.557041699	1
TCGA-5M-AATE	193	113	2	189	4	0.021	2.974	10.05291005	7.407407407	66.13756614	8.465608466	3.174603175	4.761904762	0
TCGA-A6-2671	203	118	12	184	19	0.103	3.105	18.94736842	9.473684211	56.84210526	8.421052632	2.105263158	4.210526316	0
TCGA-A6-2674	359	223	4	352	7	0.02	5.868	14.65968586	11.51832461	59.68586387	7.329842932	1.047120419	5.759162304	0
TCGA-A6-2675	300	173	6	294	6	0.02	4.553	8.053691275	4.026845638	71.81208054	12.08053691	2.684563758	1.342281879	0
TCGA-A6-2677	405	231	9	395	10	0.025	6.079	13.93034826	6.965174129	65.17412935	7.462686567	2.985074627	3.482587065	0
TCGA-A6-2678	64	52	0	64	0	0	1.368	8.823529412	17.64705882	64.70588235	5.882352941	2.941176471	0	0
TCGA-A6-2681	375	252	5	367	8	0.022	6.632	16.66666667	4.838709677	52.68817204	12.90322581	7.52688172	5.376344086	0
TCGA-A6-2683	93	60	0	91	2	0.022	1.579	6.382978723	6.382978723	70.21276596	6.382978723	8.510638298	2.127659574	0
TCGA-A6-2684	299	191	6	292	7	0.024	5.026	10	5.333333333	72	8.666666667	3.333333333	0.666666667	1
TCGA-A6-2685	137	85	0	135	2	0.015	2.237	19.71830986	14.08450704	56.33802817	5.633802817	4.225352113	0	0
TCGA-A6-2686	6207	3961	778	5093	1114	0.219	104.237	13.01186376	1.224646001	69.53693073	12.43781095	2.219670876	1.569077688	1
TCGA-A6-3807	126	86	1	124	2	0.016	2.263	8.870967742	8.064516129	62.09677419	8.064516129	8.064516129	4.838709677	0
TCGA-A6-3808	208	139	6	194	14	0.072	3.658	11.8556701	3.608247423	64.43298969	11.8556701	4.12371134	4.12371134	0
TCGA-A6-3809	1831	1134	237	1485	346	0.233	29.842	14.54545455	1.885521886	53.6026936	22.15488215	2.424242424	5.387205387	1
TCGA-A6-3810	256	164	1	255	1	0.004	4.316	12.94117647	7.450980392	60.39215686	9.019607843	4.31372549	5.882352941	0
TCGA-A6-4105	223	142	4	219	4	0.018	3.737	16.43835616	8.219178082	52.05479452	12.78538813	6.392694064	4.109589041	0
TCGA-A6-4107	512	326	10	500	12	0.024	8.579	14.11764706	4.705882353	62.74509804	10.58823529	5.098039216	2.745098039	0
TCGA-A6-5656	175	103	4	167	8	0.048	2.711	11.37724551	5.389221557	69.46107784	8.383233533	1.796407186	3.592814371	1
TCGA-A6-5657	332	197	11	321	11	0.034	5.184	21.95121951	3.658536585	62.19512195	6.097560976	2.43902439	3.658536585	0
TCGA-A6-5659	623	389	8	610	13	0.021	10.237	21.4953271	1.869158879	62.92834891	6.542056075	4.049844237	3.115264798	0
TCGA-A6-5660	353	220	10	336	17	0.051	5.789	12.06896552	9.770114943	59.1954023	13.2183908	2.298850575	3.448275862	0
TCGA-A6-5661	3804	2361	423	3178	626	0.197	62.132	14.06539173	1.357186922	70.01850709	11.10425663	2.035780382	1.418877236	1
TCGA-A6-5662	195	126	6	186	9	0.048	3.316	12.5	2.083333333	66.66666667	8.333333333	8.333333333	2.083333333	0
TCGA-A6-5664	82	61	2	80	2	0.025	1.605	13.75	3.75	50	26.25	2.5	3.75	0
TCGA-A6-5665	5506	3428	771	4405	1101	0.25	90.211	11.5248227	1.019503546	55.14184397	26.10815603	2.482269504	3.723404255	1
TCGA-A6-5666	261	172	9	250	11	0.044	4.526	16.79389313	1.526717557	62.59541985	12.21374046	1.526717557	5.34351145	0
TCGA-A6-5667	189	109	5	181	8	0.044	2.868	13.97849462	3.225806452	64.51612903	7.52688172	6.451612903	4.301075269	0
TCGA-A6-6137	174	112	4	167	7	0.042	2.947	11.37724551	5.389221557	67.06586826	10.17964072	2.994011976	2.994011976	0
TCGA-A6-6138	163	93	4	157	6	0.038	2.447	9.554140127	3.821656051	69.42675159	10.1910828	3.184713376	3.821656051	0
TCGA-A6-6142	125	76	5	118	7	0.059	2	11.86440678	3.389830508	55.08474576	16.94915254	6.779661017	5.93220339	0
TCGA-A6-6648	122	83	3	117	5	0.043	2.184	7.692307692	5.128205128	65.81196581	11.96581197	5.982905983	3.418803419	0
TCGA-A6-6649	174	114	2	170	4	0.024	3	8.235294118	5.294117647	71.76470588	7.647058824	4.705882353	2.352941176	0
TCGA-A6-6651	127	84	4	122	5	0.041	2.211	14.75409836	9.016393443	49.18032787	15.57377049	5.737704918	5.737704918	0
TCGA-A6-6652	117	76	6	110	7	0.064	2	14.54545455	8.181818182	58.18181818	11.81818182	4.545454545	2.727272727	0
TCGA-A6-6653	1686	1034	191	1406	280	0.199	27.211	10.24182077	0.995732575	70.98150782	13.58463727	1.564722617	2.631578947	1
TCGA-A6-6654	260	169	5	252	8	0.032	4.447	5.555555556	1.984126984	82.14285714	6.746031746	1.587301587	1.984126984	0
TCGA-A6-6780	1873	1133	245	1493	380	0.255	29.816	13.26188881	1.741460147	54.25318151	23.50971199	2.612190221	4.621567314	1
TCGA-A6-6781	2973	1883	329	2506	467	0.186	49.553	7.382282522	0.837988827	80.64644852	8.898643256	1.197126895	1.037509976	1
TCGA-A6-6782	198	122	2	196	2	0.01	3.211	18.87755102	6.632653061	51.02040816	9.693877551	8.163265306	5.612244898	0
TCGA-A6-A565	559	358	48	495	64	0.129	9.421	9.494949495	0.606060606	69.49494949	16.56565657	2.02020202	1.818181818	0
TCGA-A6-A566	231	146	10	220	11	0.05	3.842	16.81818182	5	65.90909091	5.909090909	2.272727273	4.090909091	0
TCGA-A6-A567	80	49	1	78	2	0.026	1.289	15.38461538	8.974358974	60.25641026	8.974358974	3.846153846	2.564102564	0
TCGA-A6-A56B	137	83	4	133	4	0.03	2.184	15.78947368	8.270676692	63.15789474	6.766917293	4.511278195	1.503759398	0
TCGA-AA-3489	156	103	5	149	7	0.047	2.711	16.10738255	8.724832215	48.99328859	14.09395973	8.053691275	4.026845638	0
TCGA-AA-3492	3175	1980	339	2706	469	0.173	52.105	11.5668884	1.662971175	62.52771619	18.32963784	3.03030303	2.88248337	1
TCGA-AA-3496	231	141	9	219	12	0.055	3.711	31.96347032	2.283105023	49.31506849	12.32876712	1.826484018	2.283105023	0
TCGA-AA-3502	258	166	6	251	7	0.028	4.368	12.35059761	6.374501992	64.54183267	8.764940239	2.788844622	5.179282869	0
TCGA-AA-3506	219	134	6	213	6	0.028	3.526	14.55399061	4.225352113	64.78873239	10.3286385	1.877934272	4.225352113	0
TCGA-AA-3511	188	115	2	183	5	0.027	3.026	10.38251366	12.02185792	46.99453552	8.743169399	9.289617486	12.56830601	0
TCGA-AA-3514	82	58	1	81	1	0.012	1.526	11.62790698	0	79.06976744	6.976744186	2.325581395	0	0
TCGA-AA-3517	42	22	0	41	1	0.024	0.579	9.090909091	9.090909091	77.27272727	4.545454545	0	0	0
TCGA-AA-3519	64	40	0	64	0	0	1.053	14.70588235	2.941176471	70.58823529	11.76470588	0	0	0
TCGA-AA-3520	33	17	0	33	0	0	0.447	12.12121212	6.060606061	60.60606061	21.21212121	0	0	0
TCGA-AA-3521	25	16	1	24	1	0.042	0.421	8.333333333	4.166666667	66.66666667	16.66666667	0	4.166666667	0
TCGA-AA-3522	56	31	0	56	0	0	0.816	6.896551724	3.448275862	62.06896552	13.79310345	0	13.79310345	0
TCGA-AA-3524	22	18	1	21	1	0.048	0.474	9.523809524	4.761904762	76.19047619	9.523809524	0	0	0
TCGA-AA-3526	32	25	1	30	2	0.067	0.658	10	0	83.33333333	6.666666667	0	0	0
TCGA-AA-3527	70	38	0	68	2	0.029	1	14.28571429	2.857142857	71.42857143	2.857142857	5.714285714	2.857142857	0
TCGA-AA-3529	22	10	0	22	0	0	0.263	9.090909091	4.545454545	81.81818182	0	0	4.545454545	0
TCGA-AA-3530	119	83	2	116	3	0.026	2.184	15.51724138	5.172413793	63.79310345	9.482758621	3.448275862	2.586206897	0
TCGA-AA-3531	55	33	1	54	1	0.019	0.868	22.22222222	7.407407407	66.66666667	3.703703704	0	0	0
TCGA-AA-3532	27	20	1	26	1	0.038	0.526	7.692307692	3.846153846	57.69230769	19.23076923	0	11.53846154	0
TCGA-AA-3534	35	18	1	34	1	0.029	0.474	8.823529412	0	82.35294118	8.823529412	0	0	0
TCGA-AA-3538	24	15	2	21	3	0.143	0.395	0	4.761904762	76.19047619	4.761904762	4.761904762	9.523809524	0
TCGA-AA-3544	36	19	2	34	2	0.059	0.5	11.76470588	8.823529412	70.58823529	2.941176471	2.941176471	2.941176471	0
TCGA-AA-3548	28	16	0	27	1	0.037	0.421	11.11111111	7.407407407	70.37037037	7.407407407	0	3.703703704	0
TCGA-AA-3549	25	17	0	24	1	0.042	0.447	4.166666667	4.166666667	70.83333333	20.83333333	0	0	0
TCGA-AA-3558	28	15	0	28	0	0	0.395	0	3.571428571	85.71428571	7.142857143	0	3.571428571	0
TCGA-AA-3560	28	19	0	28	0	0	0.5	3.571428571	10.71428571	60.71428571	17.85714286	3.571428571	3.571428571	0
TCGA-AA-3561	21	17	0	21	0	0	0.447	9.523809524	4.761904762	76.19047619	4.761904762	4.761904762	0	0
TCGA-AA-3655	112	76	3	108	4	0.037	2	11.11111111	4.62962963	65.74074074	15.74074074	0.925925926	1.851851852	0
TCGA-AA-3660	187	126	4	178	9	0.051	3.316	14.60674157	5.056179775	69.66292135	5.617977528	2.247191011	2.808988764	0
TCGA-AA-3663	2898	1867	392	2370	528	0.223	49.132	15.94936709	1.518987342	47.08860759	27.72151899	2.362869198	5.358649789	1
TCGA-AA-3664	222	143	5	214	8	0.037	3.763	14.95327103	2.336448598	63.08411215	11.68224299	4.672897196	3.271028037	0
TCGA-AA-3666	233	167	4	228	5	0.022	4.395	11.40350877	13.59649123	39.9122807	11.40350877	8.771929825	14.9122807	0
TCGA-AA-3667	108	68	6	102	6	0.059	1.789	11.76470588	12.74509804	54.90196078	8.823529412	3.921568627	7.843137255	0
TCGA-AA-3673	101	69	7	92	9	0.098	1.816	11.95652174	8.695652174	63.04347826	7.608695652	3.260869565	5.434782609	0
TCGA-AA-3675	137	73	3	131	6	0.046	1.921	12.97709924	3.053435115	71.75572519	5.34351145	4.580152672	2.290076336	0
TCGA-AA-3678	100	62	4	90	10	0.111	1.632	7.777777778	6.666666667	66.66666667	5.555555556	6.666666667	6.666666667	0
TCGA-AA-3679	96	59	3	91	5	0.055	1.553	18.68131868	9.89010989	58.24175824	6.593406593	2.197802198	4.395604396	0
TCGA-AA-3680	158	103	9	148	10	0.068	2.711	12.83783784	4.72972973	66.21621622	11.48648649	2.702702703	2.027027027	0
TCGA-AA-3681	146	98	3	140	6	0.043	2.579	12.14285714	6.428571429	65	8.571428571	3.571428571	4.285714286	0
TCGA-AA-3684	189	121	5	183	6	0.033	3.184	9.836065574	7.650273224	59.56284153	10.92896175	7.103825137	4.918032787	0
TCGA-AA-3685	122	77	4	117	5	0.043	2.026	14.52991453	10.25641026	64.95726496	5.982905983	2.564102564	1.709401709	0
TCGA-AA-3688	91	63	2	89	2	0.022	1.658	15.73033708	0	61.79775281	10.11235955	5.617977528	6.741573034	0
TCGA-AA-3692	89	61	3	83	6	0.072	1.605	16.86746988	8.43373494	63.85542169	8.43373494	1.204819277	1.204819277	0
TCGA-AA-3693	215	129	1	213	2	0.009	3.395	17.37089202	8.920187793	47.88732394	10.79812207	10.3286385	4.694835681	0
TCGA-AA-3695	217	144	2	213	4	0.019	3.789	15.02347418	6.103286385	64.78873239	7.981220657	5.164319249	0.938967136	0
TCGA-AA-3696	125	76	3	117	8	0.068	2	17.94871795	3.418803419	62.39316239	8.547008547	2.564102564	5.128205128	0
TCGA-AA-3712	204	106	1	201	3	0.015	2.789	18.4079602	23.88059701	47.26368159	5.472636816	1.492537313	3.482587065	0
TCGA-AA-3713	1559	990	245	1225	334	0.273	26.053	12.40816327	1.551020408	66.93877551	12.97959184	3.020408163	3.102040816	1
TCGA-AA-3715	3133	2055	357	2649	484	0.183	54.079	11.92902982	1.396753492	53.26538316	22.38580596	5.926764817	5.096262741	1
TCGA-AA-3811	2880	1849	240	2553	327	0.128	48.658	9.988249119	1.214257736	53.74069722	26.47865257	5.248726988	3.329416373	1
TCGA-AA-3812	170	104	5	164	6	0.037	2.737	17.07317073	6.097560976	56.70731707	10.36585366	6.097560976	3.658536585	0
TCGA-AA-3814	163	87	4	157	6	0.038	2.289	18.47133758	4.458598726	66.24203822	7.643312102	1.910828025	1.27388535	0
TCGA-AA-3818	209	132	5	203	6	0.03	3.474	23.15270936	4.926108374	53.20197044	7.881773399	6.403940887	4.433497537	0
TCGA-AA-3819	275	172	6	269	6	0.022	4.526	20.44609665	13.01115242	44.23791822	5.94795539	10.40892193	5.94795539	0
TCGA-AA-3821	1267	776	145	1054	213	0.202	20.421	11.57495256	1.897533207	69.54459203	11.10056926	3.036053131	2.84629981	1
TCGA-AA-3831	161	102	6	154	7	0.045	2.684	14.28571429	7.792207792	58.44155844	11.03896104	3.896103896	4.545454545	0
TCGA-AA-3833	908	560	99	768	140	0.182	14.737	12.890625	1.041666667	68.359375	12.63020833	2.213541667	2.864583333	1
TCGA-AA-3837	189	114	8	178	11	0.062	3	14.04494382	5.056179775	68.53932584	6.179775281	3.93258427	2.247191011	0
TCGA-AA-3841	112	65	4	105	7	0.067	1.711	13.33333333	3.80952381	57.14285714	11.42857143	7.619047619	6.666666667	0
TCGA-AA-3842	138	86	2	133	5	0.038	2.263	9.77443609	1.503759398	67.66917293	9.77443609	6.015037594	5.263157895	0
TCGA-AA-3844	165	111	1	163	2	0.012	2.921	28.2208589	7.975460123	46.62576687	6.748466258	7.975460123	2.45398773	0
TCGA-AA-3845	1401	879	147	1171	230	0.196	23.132	16.48163962	1.45175064	57.13065756	19.38514091	1.964133219	3.586678053	1
TCGA-AA-3846	151	94	3	145	6	0.041	2.474	9.655172414	6.206896552	57.93103448	11.03448276	8.275862069	6.896551724	0
TCGA-AA-3848	215	134	2	210	5	0.024	3.526	12.38095238	5.714285714	63.80952381	8.571428571	4.285714286	5.238095238	0
TCGA-AA-3850	176	101	7	167	9	0.054	2.658	13.77245509	5.389221557	64.07185629	7.185628743	3.592814371	5.988023952	0
TCGA-AA-3851	148	89	8	139	9	0.065	2.342	10.79136691	5.035971223	58.27338129	16.54676259	1.438848921	7.913669065	0
TCGA-AA-3852	214	138	9	203	11	0.054	3.632	16.25615764	5.418719212	62.56157635	7.389162562	4.433497537	3.9408867	0
TCGA-AA-3854	210	136	1	206	4	0.019	3.579	17.47572816	7.281553398	53.88349515	10.67961165	5.339805825	5.339805825	0
TCGA-AA-3855	234	144	4	227	7	0.031	3.789	11.45374449	4.845814978	66.07929515	7.929515419	4.845814978	4.845814978	0
TCGA-AA-3856	86	55	4	81	5	0.062	1.447	8.641975309	4.938271605	67.90123457	8.641975309	3.703703704	6.172839506	0
TCGA-AA-3858	98	59	4	93	5	0.054	1.553	10.75268817	6.451612903	69.89247312	4.301075269	3.225806452	5.376344086	0
TCGA-AA-3864	3840	2395	115	3681	159	0.043	63.026	8.204292312	0.733496333	79.19043738	8.992121706	1.276826949	1.602825319	1
TCGA-AA-3866	149	97	5	144	5	0.035	2.553	16.66666667	7.638888889	66.66666667	4.861111111	3.472222222	0.694444444	0
TCGA-AA-3867	128	91	8	117	11	0.094	2.395	12.82051282	1.709401709	63.24786325	6.837606838	9.401709402	5.982905983	0
TCGA-AA-3875	164	114	4	158	6	0.038	3	18.35443038	6.962025316	62.65822785	3.797468354	5.063291139	3.164556962	0
TCGA-AA-3877	1725	1041	166	1487	238	0.16	27.395	9.07868191	1.681237391	68.45998655	15.60188299	2.555480834	2.62273033	1
TCGA-AA-3947	3523	2232	385	2989	534	0.179	58.737	14.92137839	2.040816327	56.47373704	17.96587487	3.278688525	5.319504851	1
TCGA-AA-3949	1805	1133	128	1626	179	0.11	29.816	11.62361624	1.291512915	64.63714637	15.9901599	2.644526445	3.81303813	1
TCGA-AA-3950	221	124	16	192	29	0.151	3.263	18.22916667	1.5625	52.08333333	23.4375	1.041666667	3.645833333	1
TCGA-AA-3952	155	95	8	145	10	0.069	2.5	13.79310345	5.517241379	56.55172414	11.72413793	7.586206897	4.827586207	0
TCGA-AA-3955	194	125	6	186	8	0.043	3.289	13.97849462	15.05376344	42.47311828	10.75268817	9.139784946	8.602150538	0
TCGA-AA-3956	204	134	6	197	7	0.036	3.526	7.614213198	7.106598985	57.36040609	14.72081218	9.137055838	4.060913706	0
TCGA-AA-3966	1723	1056	202	1384	339	0.245	27.789	13.00578035	1.734104046	53.32369942	20.59248555	3.901734104	7.442196532	1
TCGA-AA-3968	184	126	2	180	4	0.022	3.316	18.33333333	7.777777778	53.88888889	12.77777778	3.888888889	3.333333333	0
TCGA-AA-3971	125	76	3	122	3	0.025	2	13.1147541	10.6557377	59.01639344	12.29508197	3.278688525	1.639344262	0
TCGA-AA-3973	127	82	5	121	6	0.05	2.158	14.04958678	6.611570248	58.67768595	11.57024793	4.132231405	4.958677686	0
TCGA-AA-3975	214	134	1	211	3	0.014	3.526	16.11374408	4.265402844	47.86729858	9.004739336	13.27014218	9.478672986	0
TCGA-AA-3976	130	82	2	127	3	0.024	2.158	14.96062992	3.937007874	66.14173228	9.448818898	1.57480315	3.937007874	0
TCGA-AA-3979	193	126	8	183	10	0.055	3.316	12.02185792	13.1147541	42.07650273	14.20765027	8.196721311	10.38251366	0
TCGA-AA-3980	129	92	2	124	5	0.04	2.421	12.90322581	7.258064516	62.90322581	7.258064516	4.838709677	4.838709677	0
TCGA-AA-3982	170	117	5	164	6	0.037	3.079	13.41463415	11.58536585	53.04878049	9.756097561	6.707317073	5.487804878	0
TCGA-AA-3986	138	81	1	136	2	0.015	2.132	16.91176471	2.205882353	63.97058824	13.97058824	1.470588235	1.470588235	0
TCGA-AA-3989	165	114	7	157	8	0.051	3	17.19745223	7.006369427	59.23566879	12.10191083	3.821656051	0.636942675	0
TCGA-AA-3994	276	176	5	266	10	0.038	4.632	21.05263158	2.631578947	65.41353383	6.766917293	3.007518797	1.127819549	0
TCGA-AA-A004	100	64	3	95	5	0.053	1.684	8.421052632	6.315789474	64.21052632	14.73684211	3.157894737	3.157894737	0
TCGA-AA-A00Z	18	14	1	17	1	0.059	0.368	5.882352941	17.64705882	58.82352941	5.882352941	0	11.76470588	0
TCGA-AA-A010	11326	7301	40	11264	62	0.006	192.132	34.66796875	0.355113636	44.10511364	9.490411932	1.606889205	9.774502841	0
TCGA-AA-A017	83	54	1	78	5	0.064	1.421	8.974358974	12.82051282	61.53846154	7.692307692	5.128205128	3.846153846	0
TCGA-AA-A01C	113	84	5	106	7	0.066	2.211	16.03773585	11.32075472	55.66037736	10.37735849	4.716981132	1.886792453	0
TCGA-AA-A01I	148	99	3	143	5	0.035	2.605	15.38461538	1.398601399	69.93006993	4.895104895	4.195804196	4.195804196	0
TCGA-AA-A01P	1310	822	148	1110	200	0.18	21.632	10.81081081	1.441441441	65.13513514	17.02702703	2.342342342	3.243243243	1
TCGA-AA-A01R	2630	1586	60	2544	86	0.034	41.737	8.805031447	0.825471698	74.96069182	11.43867925	1.886792453	2.083333333	1
TCGA-AA-A01S	81	47	1	78	3	0.038	1.237	16.66666667	3.846153846	67.94871795	8.974358974	1.282051282	1.282051282	0
TCGA-AA-A01T	130	87	3	125	5	0.04	2.289	15.2	8.8	57.6	7.2	4.8	6.4	0
TCGA-AA-A01V	166	109	6	158	8	0.051	2.868	18.35443038	3.797468354	55.69620253	8.860759494	8.860759494	4.430379747	0
TCGA-AA-A01X	107	61	2	102	5	0.049	1.605	16.66666667	2.941176471	68.62745098	7.843137255	2.941176471	0.980392157	0
TCGA-AA-A01Z	127	91	4	119	8	0.067	2.395	9.243697479	4.201680672	73.94957983	6.722689076	3.361344538	2.521008403	0
TCGA-AA-A022	2354	1432	287	1937	417	0.215	37.684	10.78988126	1.032524522	71.39907073	13.06143521	1.961796593	1.755291688	1
TCGA-AA-A024	123	75	2	118	5	0.042	1.974	13.55932203	7.627118644	61.86440678	8.474576271	5.93220339	2.542372881	0
TCGA-AA-A02E	226	143	6	216	10	0.046	3.763	16.66666667	8.796296296	44.90740741	13.88888889	6.018518519	9.722222222	0
TCGA-AA-A02F	94	48	4	87	7	0.08	1.263	12.64367816	12.64367816	50.57471264	10.34482759	8.045977011	5.747126437	0
TCGA-AA-A02H	102	71	5	96	6	0.062	1.868	15.625	4.166666667	58.33333333	11.45833333	6.25	4.166666667	0
TCGA-AA-A02O	227	155	6	219	8	0.037	4.079	13.24200913	6.849315068	64.38356164	8.219178082	2.739726027	4.566210046	0
TCGA-AA-A02R	1726	1054	233	1363	363	0.266	27.737	14.60014674	1.540719002	54.65884079	20.83639032	3.301540719	5.062362436	1
TCGA-AA-A02W	134	86	1	130	4	0.031	2.263	19.23076923	9.230769231	56.15384615	8.461538462	3.846153846	3.076923077	0
TCGA-AA-A02Y	151	106	4	146	5	0.034	2.789	23.97260274	4.794520548	56.84931507	6.849315068	2.054794521	5.479452055	0
TCGA-AA-A03F	185	125	2	183	2	0.011	3.289	13.66120219	3.825136612	60.6557377	9.289617486	4.371584699	8.196721311	0
TCGA-AA-A03J	133	72	0	132	1	0.008	1.895	12.87878788	8.333333333	58.33333333	16.66666667	1.515151515	2.272727273	0
TCGA-AD-5900	2329	1435	264	1930	399	0.207	37.763	14.19689119	1.03626943	65.90673575	14.55958549	2.176165803	2.124352332	1
TCGA-AD-6548	181	120	5	174	7	0.04	3.158	12.06896552	4.597701149	58.04597701	14.36781609	6.32183908	4.597701149	0
TCGA-AD-6888	155	103	4	147	8	0.054	2.711	11.56462585	2.721088435	67.34693878	10.20408163	2.721088435	5.442176871	0
TCGA-AD-6889	2638	1656	383	2100	538	0.256	43.579	15	1.047619048	63.57142857	16	2	2.380952381	1
TCGA-AD-6890	157	98	6	147	10	0.068	2.579	13.60544218	2.040816327	67.34693878	10.20408163	3.401360544	3.401360544	0
TCGA-AD-6895	2477	1495	172	2215	262	0.118	39.342	7.674943567	2.663656885	65.41760722	12.23476298	9.661399549	2.347629797	1
TCGA-AD-6899	222	133	3	217	5	0.023	3.5	10.13824885	8.755760369	70.04608295	5.99078341	3.225806452	1.843317972	0
TCGA-AD-6901	349	218	7	341	8	0.023	5.737	16.12903226	8.504398827	54.54545455	9.970674487	6.158357771	4.692082111	0
TCGA-AD-6963	119	72	2	116	3	0.026	1.895	10.34482759	9.482758621	56.89655172	12.06896552	8.620689655	2.586206897	0
TCGA-AD-6964	2182	1374	180	1932	250	0.129	36.158	9.265010352	0.931677019	57.71221532	25.1552795	5.33126294	1.604554865	1
TCGA-AD-6965	171	101	6	164	7	0.043	2.658	13.41463415	6.707317073	63.41463415	10.36585366	4.268292683	1.829268293	0
TCGA-AD-A5EJ	2226	1396	348	1770	456	0.258	36.737	15.59322034	1.525423729	61.69491525	15.87570621	1.751412429	3.559322034	1
TCGA-AD-A5EK	128	73	0	127	1	0.008	1.921	25.19685039	5.511811024	63.77952756	1.57480315	0.787401575	3.149606299	0
TCGA-AM-5820	106	70	1	104	2	0.019	1.842	13.46153846	4.807692308	67.30769231	9.615384615	3.846153846	0.961538462	0
TCGA-AM-5821	1898	1183	192	1621	277	0.171	31.132	13.81863048	0.925354719	58.60579889	18.38371376	2.590993214	5.675508945	1
TCGA-AU-3779	143	91	0	143	0	0	2.395	13.98601399	2.097902098	63.63636364	9.090909091	6.993006993	4.195804196	0
TCGA-AU-6004	1478	931	217	1184	294	0.248	24.5	10.89527027	1.60472973	66.13175676	17.56756757	1.266891892	2.533783784	1
TCGA-AY-4070	229	144	3	221	8	0.036	3.789	28.50678733	9.502262443	40.27149321	6.334841629	8.597285068	6.787330317	0
TCGA-AY-5543	171	96	1	169	2	0.012	2.526	14.20118343	5.917159763	56.21301775	15.97633136	4.733727811	2.958579882	0
TCGA-AY-6196	328	198	7	316	12	0.038	5.211	18.35443038	13.92405063	41.4556962	10.12658228	8.860759494	7.278481013	0
TCGA-AY-6197	1645	1009	215	1336	309	0.231	26.553	12.2005988	1.422155689	50.89820359	29.94011976	2.919161677	2.619760479	1
TCGA-AY-6386	159	93	7	149	10	0.067	2.447	12.75167785	2.684563758	70.46979866	10.06711409	2.013422819	2.013422819	0
TCGA-AY-A54L	214	135	9	202	12	0.059	3.553	20.79207921	5.445544554	58.91089109	7.920792079	2.97029703	3.96039604	0
TCGA-AY-A69D	289	180	6	280	9	0.032	4.737	18.92857143	4.285714286	62.5	8.214285714	3.928571429	2.142857143	0
TCGA-AY-A71X	125	87	4	120	5	0.042	2.289	11.66666667	2.5	76.66666667	5	1.666666667	2.5	0
TCGA-AY-A8YK	98	59	0	97	1	0.01	1.553	20.6185567	7.216494845	52.57731959	7.216494845	7.216494845	5.154639175	0
TCGA-AZ-4308	98	72	0	98	0	0	1.895	15.30612245	5.102040816	58.16326531	15.30612245	5.102040816	1.020408163	0
TCGA-AZ-4323	81	51	0	81	0	0	1.342	11.11111111	4.938271605	51.85185185	18.51851852	3.703703704	9.87654321	0
TCGA-AZ-4614	287	171	8	276	11	0.04	4.5	15.2173913	9.782608696	48.55072464	11.23188406	5.797101449	9.420289855	0
TCGA-AZ-4615	1284	800	211	981	303	0.309	21.053	14.98470948	0.917431193	54.84199796	24.4648318	2.242609582	2.54841998	1
TCGA-AZ-4616	135	85	4	131	4	0.031	2.237	12.21374046	6.870229008	58.77862595	13.74045802	2.290076336	6.106870229	0
TCGA-AZ-4681	116	78	5	107	9	0.084	2.053	13.08411215	10.28037383	61.68224299	9.345794393	1.869158879	3.738317757	0
TCGA-AZ-4682	111	71	1	108	3	0.028	1.868	10.18518519	3.703703704	70.37037037	6.481481481	5.555555556	3.703703704	0
TCGA-AZ-5403	109	71	1	108	1	0.009	1.868	12.03703704	9.259259259	51.85185185	12.96296296	8.333333333	5.555555556	0
TCGA-AZ-5407	135	86	0	133	2	0.015	2.263	14.28571429	2.255639098	67.66917293	7.518796992	6.015037594	2.255639098	0
TCGA-AZ-6598	3577	2250	572	2745	832	0.303	59.211	12.34972678	1.092896175	67.79599271	14.1712204	2.659380692	1.930783242	1
TCGA-AZ-6599	435	219	3	428	7	0.016	5.763	5.373831776	1.168224299	88.31775701	3.971962617	0.700934579	0.46728972	0
TCGA-AZ-6600	190	121	3	184	6	0.033	3.184	16.84782609	8.695652174	50.54347826	9.239130435	8.695652174	5.97826087	0
TCGA-AZ-6603	111	72	5	103	8	0.078	1.895	10.67961165	3.883495146	67.96116505	12.62135922	1.941747573	2.912621359	0
TCGA-AZ-6605	175	100	2	173	2	0.012	2.632	12.13872832	6.358381503	57.22543353	20.80924855	1.156069364	2.312138728	0
TCGA-AZ-6606	213	128	6	207	6	0.029	3.368	10.62801932	5.314009662	64.73429952	13.52657005	1.449275362	4.347826087	0
TCGA-AZ-6607	103	67	1	101	2	0.02	1.763	8.910891089	0.99009901	52.47524752	25.74257426	5.940594059	5.940594059	0
TCGA-CA-5254	277	179	6	269	8	0.03	4.711	15.98513011	6.691449814	57.24907063	10.78066914	5.576208178	3.717472119	0
TCGA-CA-5255	80	49	2	77	3	0.039	1.289	15.58441558	3.896103896	57.14285714	16.88311688	1.298701299	5.194805195	0
TCGA-CA-5256	114	72	4	106	8	0.075	1.895	8.490566038	4.716981132	66.03773585	12.26415094	2.830188679	5.660377358	0
TCGA-CA-5796	100	56	2	97	3	0.031	1.474	13.40206186	4.12371134	61.8556701	13.40206186	4.12371134	3.092783505	0
TCGA-CA-5797	98	57	6	90	8	0.089	1.5	13.33333333	11.11111111	54.44444444	10	5.555555556	5.555555556	0
TCGA-CA-6715	136	91	3	127	9	0.071	2.395	18.8976378	5.511811024	51.18110236	17.32283465	6.299212598	0.787401575	0
TCGA-CA-6716	225	134	6	216	9	0.042	3.526	14.81481481	4.166666667	68.05555556	7.407407407	2.777777778	2.777777778	0
TCGA-CA-6717	13582	9337	40	13532	50	0.004	245.711	31.00798108	0.502512563	31.67307124	15.91043453	1.433638782	19.47236181	0
TCGA-CA-6719	167	111	5	162	5	0.031	2.921	12.34567901	1.234567901	66.04938272	17.28395062	1.851851852	1.234567901	0
TCGA-CK-4947	139	85	4	134	5	0.037	2.237	10.44776119	5.223880597	54.47761194	14.92537313	9.701492537	5.223880597	0
TCGA-CK-4948	148	95	2	144	4	0.028	2.5	13.88888889	8.333333333	59.72222222	8.333333333	4.861111111	4.861111111	0
TCGA-CK-4950	238	153	7	231	7	0.03	4.026	24.24242424	9.090909091	51.94805195	8.658008658	1.731601732	4.329004329	0
TCGA-CK-4951	6802	4049	226	6486	316	0.049	106.553	6.074622263	4.116558742	68.06968856	10.14492754	10.3916127	1.202590194	1
TCGA-CK-4952	220	135	7	210	10	0.048	3.553	11.9047619	2.857142857	68.57142857	11.42857143	1.904761905	3.333333333	0
TCGA-CK-5912	95	62	5	88	7	0.08	1.632	4.545454545	10.22727273	65.90909091	7.954545455	10.22727273	1.136363636	0
TCGA-CK-5913	1281	785	161	1061	220	0.207	20.658	14.42035815	1.413760603	60.2262017	19.60414703	3.01602262	1.319509896	1
TCGA-CK-5914	199	128	2	193	6	0.031	3.368	15.02590674	5.18134715	58.5492228	11.91709845	5.699481865	3.626943005	0
TCGA-CK-5915	140	78	4	133	7	0.053	2.053	7.518796992	3.007518797	73.68421053	11.27819549	2.255639098	2.255639098	0
TCGA-CK-5916	2226	1368	270	1837	389	0.212	36	10.01633097	1.360914535	65.97713664	18.83505716	2.068590093	1.741970604	1
TCGA-CK-6746	1836	1167	277	1466	370	0.252	30.711	12.96043656	1.7053206	57.02592087	22.4420191	2.251023192	3.615279673	1
TCGA-CK-6747	244	167	31	173	71	0.41	4.395	10.40462428	2.312138728	73.41040462	9.248554913	2.312138728	2.312138728	0
TCGA-CK-6748	99	53	3	95	4	0.042	1.395	20	3.157894737	53.68421053	16.84210526	4.210526316	2.105263158	0
TCGA-CK-6751	240	163	6	234	6	0.026	4.289	11.96581197	2.136752137	70.08547009	11.53846154	1.282051282	2.991452991	0
TCGA-CM-4743	1724	1073	210	1432	292	0.204	28.237	14.73463687	1.466480447	61.80167598	17.17877095	1.88547486	2.932960894	1
TCGA-CM-4744	217	141	11	203	14	0.069	3.711	17.24137931	1.97044335	59.60591133	10.83743842	4.926108374	5.418719212	0
TCGA-CM-4746	1132	698	118	960	172	0.179	18.368	9.583333333	1.25	78.33333333	7.708333333	1.458333333	1.666666667	1
TCGA-CM-4747	146	78	2	139	7	0.05	2.053	10.07194245	4.316546763	68.34532374	11.51079137	2.158273381	3.597122302	0
TCGA-CM-4748	99	64	2	95	4	0.042	1.684	15.78947368	5.263157895	52.63157895	20	1.052631579	5.263157895	0
TCGA-CM-4750	123	79	2	118	5	0.042	2.079	19.49152542	2.542372881	55.93220339	11.86440678	4.237288136	5.93220339	0
TCGA-CM-4751	133	87	2	130	3	0.023	2.289	6.153846154	5.384615385	66.92307692	15.38461538	3.076923077	3.076923077	0
TCGA-CM-4752	185	116	4	179	6	0.034	3.053	13.40782123	5.586592179	65.92178771	9.497206704	3.351955307	2.234636872	0
TCGA-CM-5341	217	143	3	210	7	0.033	3.763	9.523809524	10.95238095	56.19047619	10	7.142857143	6.19047619	0
TCGA-CM-5344	108	58	4	101	7	0.069	1.526	18.81188119	7.920792079	59.40594059	8.910891089	2.97029703	1.98019802	0
TCGA-CM-5348	266	163	6	258	8	0.031	4.289	11.24031008	8.527131783	65.50387597	6.976744186	3.875968992	3.875968992	0
TCGA-CM-5349	156	94	5	148	8	0.054	2.474	8.108108108	3.378378378	66.89189189	10.13513514	4.72972973	6.756756757	0
TCGA-CM-5860	166	97	4	160	6	0.038	2.553	18.125	3.75	68.125	7.5	1.25	1.25	0
TCGA-CM-5861	2187	1308	226	1839	348	0.189	34.421	12.72430669	1.305057096	49.80967917	29.41816204	2.718868951	4.023926047	1
TCGA-CM-5862	140	81	1	138	2	0.014	2.132	8.695652174	8.695652174	60.86956522	13.04347826	0.724637681	7.971014493	0
TCGA-CM-5863	95	60	3	92	3	0.033	1.579	16.30434783	2.173913043	65.2173913	11.95652174	0	4.347826087	0
TCGA-CM-5864	274	169	4	268	6	0.022	4.447	20.52238806	12.31343284	47.3880597	8.955223881	4.850746269	5.970149254	0
TCGA-CM-5868	135	77	5	128	7	0.055	2.026	17.1875	3.125	55.46875	12.5	6.25	5.46875	0
TCGA-CM-6161	144	76	2	140	4	0.029	2	13.57142857	4.285714286	62.85714286	10	8.571428571	0.714285714	0
TCGA-CM-6162	1564	971	104	1408	156	0.111	25.553	5.042613636	0.426136364	86.64772727	6.178977273	0.994318182	0.710227273	1
TCGA-CM-6163	144	91	0	144	0	0	2.395	15.97222222	6.25	63.19444444	9.722222222	2.777777778	2.083333333	0
TCGA-CM-6164	104	67	2	101	3	0.03	1.763	15.84158416	2.97029703	53.46534653	18.81188119	5.940594059	2.97029703	0
TCGA-CM-6165	164	102	4	157	7	0.045	2.684	26.75159236	5.732484076	52.86624204	9.554140127	3.821656051	1.27388535	0
TCGA-CM-6166	123	78	3	119	4	0.034	2.053	22.68907563	4.201680672	63.86554622	3.361344538	3.361344538	2.521008403	0
TCGA-CM-6167	112	74	4	107	5	0.047	1.947	15.88785047	3.738317757	62.61682243	8.411214953	7.476635514	1.869158879	0
TCGA-CM-6168	319	201	16	294	25	0.085	5.289	15.6462585	6.462585034	59.18367347	15.98639456	1.700680272	1.020408163	0
TCGA-CM-6169	143	100	4	138	5	0.036	2.632	18.11594203	1.449275362	63.04347826	9.420289855	5.072463768	2.898550725	0
TCGA-CM-6170	136	78	2	133	3	0.023	2.053	6.766917293	6.015037594	71.42857143	8.270676692	3.007518797	4.511278195	0
TCGA-CM-6171	1820	1132	210	1508	312	0.207	29.789	10.67639257	1.525198939	69.03183024	14.65517241	1.724137931	2.387267905	1
TCGA-CM-6172	148	83	2	144	4	0.028	2.184	11.11111111	3.472222222	65.97222222	6.25	5.555555556	7.638888889	0
TCGA-CM-6674	1306	826	150	1084	222	0.205	21.737	7.656826568	1.10701107	72.60147601	15.40590406	1.660516605	1.568265683	1
TCGA-CM-6675	136	79	7	129	7	0.054	2.079	15.50387597	3.875968992	51.9379845	17.82945736	4.651162791	6.201550388	0
TCGA-CM-6676	150	94	2	146	4	0.027	2.474	15.06849315	0.684931507	63.69863014	12.32876712	5.479452055	2.739726027	0
TCGA-CM-6677	196	130	7	185	11	0.059	3.421	12.97297297	2.702702703	66.48648649	10.81081081	3.243243243	3.783783784	0
TCGA-CM-6678	191	123	6	184	7	0.038	3.237	10.86956522	1.630434783	70.10869565	12.5	1.630434783	3.260869565	0
TCGA-CM-6679	112	69	2	109	3	0.028	1.816	6.422018349	1.834862385	51.37614679	32.11009174	5.504587156	2.752293578	0
TCGA-CM-6680	133	82	5	127	6	0.047	2.158	9.448818898	2.362204724	66.92913386	17.32283465	2.362204724	1.57480315	0
TCGA-D5-5537	151	93	6	143	8	0.056	2.447	16.08391608	5.594405594	65.73426573	8.391608392	0.699300699	3.496503497	0
TCGA-D5-5538	171	99	2	167	4	0.024	2.605	17.96407186	4.790419162	55.68862275	14.37125749	3.592814371	3.592814371	0
TCGA-D5-5539	153	89	2	149	4	0.027	2.342	10.73825503	7.382550336	63.75838926	11.40939597	2.684563758	4.026845638	0
TCGA-D5-5540	182	106	2	180	2	0.011	2.789	15	5.555555556	63.33333333	7.777777778	5	3.333333333	0
TCGA-D5-5541	95	59	1	93	2	0.022	1.553	7.52688172	3.225806452	72.04301075	10.75268817	3.225806452	3.225806452	0
TCGA-D5-6529	156	94	4	149	7	0.047	2.474	10.73825503	6.711409396	71.1409396	8.053691275	1.342281879	2.013422819	0
TCGA-D5-6530	1674	1030	276	1246	428	0.343	27.105	9.390048154	1.444622793	70.70626003	13.88443018	2.568218299	2.006420546	1
TCGA-D5-6531	266	164	5	255	11	0.043	4.316	14.50980392	6.274509804	62.35294118	6.274509804	5.882352941	4.705882353	0
TCGA-D5-6532	172	93	4	167	5	0.03	2.447	11.9760479	8.383233533	59.28143713	7.784431138	4.790419162	7.784431138	0
TCGA-D5-6533	235	139	4	227	8	0.035	3.658	14.0969163	9.251101322	51.10132159	10.13215859	10.13215859	5.286343612	0
TCGA-D5-6534	219	142	4	212	7	0.033	3.737	21.69811321	7.547169811	50	5.660377358	5.188679245	9.905660377	0
TCGA-D5-6535	239	151	1	236	3	0.013	3.974	21.61016949	9.322033898	47.88135593	9.322033898	3.389830508	8.474576271	0
TCGA-D5-6536	149	104	6	141	8	0.057	2.737	16.31205674	9.219858156	56.02836879	9.929078014	6.382978723	2.127659574	0
TCGA-D5-6537	149	97	1	145	4	0.028	2.553	22.06896552	2.75862069	62.06896552	8.965517241	2.75862069	1.379310345	0
TCGA-D5-6538	191	112	3	185	6	0.032	2.947	8.108108108	3.243243243	71.35135135	8.648648649	4.324324324	4.324324324	0
TCGA-D5-6539	132	94	2	128	4	0.031	2.474	14.84375	9.375	50.78125	12.5	7.8125	4.6875	0
TCGA-D5-6540	1881	1176	250	1540	341	0.221	30.947	15.84415584	1.298701299	68.18181818	8.896103896	2.142857143	3.636363636	1
TCGA-D5-6541	124	84	4	117	7	0.06	2.211	8.547008547	5.982905983	70.08547009	9.401709402	3.418803419	2.564102564	0
TCGA-D5-6898	104	68	3	100	4	0.04	1.789	19	5	57	10	7	2	0
TCGA-D5-6920	158	106	5	152	6	0.039	2.789	12.5	4.605263158	67.10526316	9.868421053	3.947368421	1.973684211	0
TCGA-D5-6922	157	94	4	152	5	0.033	2.474	7.894736842	11.18421053	63.81578947	9.210526316	2.631578947	5.263157895	0
TCGA-D5-6924	210	142	4	201	9	0.045	3.737	14.92537313	7.462686567	54.22885572	7.960199005	8.955223881	6.467661692	0
TCGA-D5-6926	168	96	1	163	5	0.031	2.526	11.04294479	8.588957055	49.69325153	16.56441718	5.521472393	8.588957055	0
TCGA-D5-6927	1013	634	151	815	198	0.243	16.684	12.88343558	0.858895706	57.17791411	25.03067485	1.963190184	2.085889571	1
TCGA-D5-6928	2431	1577	245	2103	328	0.156	41.5	14.88349976	0.760817879	68.85401807	11.12696148	2.520209225	1.854493581	1
TCGA-D5-6929	175	104	6	162	13	0.08	2.737	21.60493827	6.790123457	51.2345679	11.11111111	3.703703704	5.555555556	0
TCGA-D5-6930	1872	1198	202	1595	277	0.174	31.526	11.34796238	1.128526646	76.42633229	6.959247649	2.068965517	2.068965517	1
TCGA-D5-6931	425	273	4	419	6	0.014	7.184	10.7398568	2.625298329	45.82338902	13.36515513	5.489260143	21.95704057	0
TCGA-D5-6932	184	119	5	179	5	0.028	3.132	19.55307263	8.938547486	40.22346369	14.52513966	8.379888268	8.379888268	0
TCGA-D5-7000	158	101	3	152	6	0.039	2.658	13.81578947	9.210526316	62.5	7.894736842	3.947368421	2.631578947	0
TCGA-DM-A0X9	247	165	4	240	7	0.029	4.342	17.08333333	5.833333333	58.33333333	10.41666667	5	3.333333333	0
TCGA-DM-A0XD	242	145	8	233	9	0.039	3.816	14.16309013	6.43776824	64.3776824	8.583690987	3.004291845	3.433476395	0
TCGA-DM-A0XF	181	110	3	176	5	0.028	2.895	21.02272727	9.659090909	47.72727273	9.090909091	7.954545455	4.545454545	0
TCGA-DM-A1D0	161	91	4	155	6	0.039	2.395	14.19354839	12.25806452	47.09677419	10.96774194	9.032258065	6.451612903	0
TCGA-DM-A1D4	247	160	4	240	7	0.029	4.211	18.33333333	3.333333333	60	12.08333333	3.75	2.5	0
TCGA-DM-A1D6	161	90	2	157	4	0.025	2.368	14.01273885	6.369426752	63.69426752	8.280254777	3.821656051	3.821656051	0
TCGA-DM-A1D7	201	119	3	197	4	0.02	3.132	21.31979695	7.614213198	51.77664975	7.106598985	6.598984772	5.583756345	0
TCGA-DM-A1D8	234	138	3	231	3	0.013	3.632	22.51082251	6.493506494	43.29004329	11.68831169	8.225108225	7.792207792	0
TCGA-DM-A1D9	198	116	8	183	15	0.082	3.053	17.4863388	11.47540984	46.44808743	10.38251366	11.47540984	2.732240437	0
TCGA-DM-A1DA	383	242	4	378	5	0.013	6.368	24.6031746	8.465608466	48.14814815	8.73015873	4.497354497	5.555555556	0
TCGA-DM-A1DB	106	63	0	102	4	0.039	1.658	14.70588235	8.823529412	55.88235294	16.66666667	0.980392157	2.941176471	0
TCGA-DM-A1HA	199	130	4	193	6	0.031	3.421	18.65284974	7.772020725	59.06735751	7.25388601	5.699481865	1.554404145	0
TCGA-DM-A1HB	1805	1074	218	1491	314	0.211	28.263	13.95036888	1.542588867	50.83836351	26.22401073	2.816901408	4.6277666	1
TCGA-DM-A280	189	120	4	185	4	0.022	3.158	18.37837838	3.243243243	48.10810811	12.97297297	2.702702703	14.59459459	0
TCGA-DM-A282	149	91	5	142	7	0.049	2.395	15.49295775	5.633802817	64.08450704	9.154929577	4.225352113	1.408450704	0
TCGA-DM-A285	252	165	6	245	7	0.029	4.342	18.7755102	6.93877551	43.67346939	15.51020408	8.571428571	6.530612245	0
TCGA-DM-A288	136	70	5	129	7	0.054	1.842	18.60465116	10.85271318	49.6124031	9.302325581	3.100775194	8.527131783	0
TCGA-DM-A28A	202	128	4	195	7	0.036	3.368	24.1025641	5.641025641	52.30769231	13.84615385	3.076923077	1.025641026	0
TCGA-DM-A28C	150	98	6	142	8	0.056	2.579	16.90140845	9.85915493	58.45070423	11.97183099	2.112676056	0.704225352	0
TCGA-DM-A28E	134	85	8	124	10	0.081	2.237	10.48387097	4.838709677	53.22580645	22.58064516	4.838709677	4.032258065	0
TCGA-DM-A28F	353	218	10	341	12	0.035	5.737	16.42228739	9.677419355	43.98826979	11.14369501	6.158357771	12.60997067	0
TCGA-DM-A28G	176	105	3	171	5	0.029	2.763	15.78947368	2.923976608	60.81871345	14.03508772	2.339181287	4.093567251	0
TCGA-DM-A28H	181	118	10	169	12	0.071	3.105	11.24260355	10.65088757	53.25443787	12.4260355	5.917159763	6.50887574	0
TCGA-DM-A28K	157	97	6	150	7	0.047	2.553	14.66666667	5.333333333	66	8.666666667	2.666666667	2.666666667	0
TCGA-DM-A28M	146	94	5	140	6	0.043	2.474	11.42857143	1.428571429	64.28571429	18.57142857	1.428571429	2.857142857	0
TCGA-F4-6459	189	118	10	178	11	0.062	3.105	13.48314607	11.79775281	51.12359551	10.11235955	6.741573034	6.741573034	0
TCGA-F4-6460	211	124	1	204	7	0.034	3.263	18.62745098	8.823529412	50.49019608	10.29411765	8.333333333	3.431372549	0
TCGA-F4-6461	202	130	2	198	4	0.02	3.421	11.11111111	4.04040404	62.62626263	14.14141414	4.545454545	3.535353535	0
TCGA-F4-6463	104	68	4	97	7	0.072	1.789	5.154639175	1.030927835	79.3814433	8.24742268	5.154639175	1.030927835	0
TCGA-F4-6569	166	115	5	159	7	0.044	3.026	12.57861635	10.06289308	50.94339623	10.6918239	4.402515723	11.32075472	0
TCGA-F4-6570	2476	1593	295	2087	389	0.186	41.921	13.5122185	1.53330139	62.62577863	14.71011021	3.737422137	3.881169142	1
TCGA-F4-6703	763	510	77	672	91	0.135	13.421	12.64880952	2.678571429	57.29166667	19.64285714	2.976190476	4.761904762	0
TCGA-F4-6704	106	77	0	106	0	0	2.026	13.20754717	5.660377358	54.71698113	17.9245283	3.773584906	4.716981132	0
TCGA-F4-6805	104	67	3	99	5	0.051	1.763	12.12121212	6.060606061	52.52525253	21.21212121	5.050505051	3.03030303	0
TCGA-F4-6806	160	100	6	151	9	0.06	2.632	9.933774834	3.973509934	66.88741722	11.9205298	4.635761589	2.649006623	0
TCGA-F4-6807	233	148	2	229	4	0.017	3.895	33.62445415	5.676855895	41.92139738	9.170305677	6.550218341	3.056768559	0
TCGA-F4-6808	194	123	1	192	2	0.01	3.237	20.3125	5.729166667	57.29166667	9.895833333	4.166666667	2.604166667	0
TCGA-F4-6809	220	144	3	215	5	0.023	3.789	20.93023256	10.23255814	38.60465116	14.41860465	8.837209302	6.976744186	0
TCGA-F4-6854	158	112	4	152	6	0.039	2.947	18.42105263	4.605263158	51.97368421	11.84210526	7.894736842	5.263157895	0
TCGA-F4-6855	159	87	2	154	5	0.032	2.289	21.42857143	8.441558442	57.79220779	8.441558442	2.597402597	1.298701299	0
TCGA-F4-6856	1517	950	199	1233	284	0.23	25	8.02919708	1.378751014	72.91159773	12.73317113	3.00081103	1.946472019	1
TCGA-G4-6293	168	101	6	155	13	0.084	2.658	10.96774194	4.516129032	66.4516129	10.32258065	4.516129032	3.225806452	0
TCGA-G4-6294	214	142	3	209	5	0.024	3.737	17.70334928	13.87559809	43.06220096	7.655502392	13.87559809	3.827751196	0
TCGA-G4-6295	311	183	6	301	10	0.033	4.816	15.23809524	12.38095238	47.14285714	10.95238095	9.523809524	4.761904762	0
TCGA-G4-6297	249	158	7	238	11	0.046	4.158	13.28125	3.90625	70.3125	7.03125	3.90625	1.5625	0
TCGA-G4-6298	238	149	7	229	9	0.039	3.921	14.16666667	1.666666667	76.66666667	5	0.833333333	1.666666667	0
TCGA-G4-6299	232	155	9	218	14	0.064	4.079	17.43119266	11.9266055	47.24770642	13.76146789	5.963302752	3.669724771	0
TCGA-G4-6302	2635	1736	258	2276	359	0.158	45.684	14.9078727	1.675041876	61.97654941	16.2479062	2.512562814	2.680067002	0
TCGA-G4-6303	140	83	2	135	5	0.037	2.184	10.37037037	3.703703704	73.33333333	5.925925926	1.481481481	5.185185185	0
TCGA-G4-6304	1403	900	150	1212	191	0.158	23.684	10.31353135	1.650165017	66.41914191	16.91419142	2.557755776	2.145214521	0
TCGA-G4-6306	159	105	3	154	5	0.032	2.763	17.53246753	2.597402597	61.68831169	13.63636364	1.948051948	2.597402597	0
TCGA-G4-6307	116	70	0	115	1	0.009	1.842	17.39130435	10.43478261	53.04347826	10.43478261	3.47826087	5.217391304	0
TCGA-G4-6309	1196	794	155	985	211	0.214	20.895	9.644670051	1.421319797	72.18274112	13.29949239	1.421319797	2.030456853	1
TCGA-G4-6311	401	234	8	389	12	0.031	6.158	20.28985507	4.347826087	50.24154589	10.14492754	6.763285024	8.212560386	0
TCGA-G4-6315	207	130	7	199	8	0.04	3.421	17.5879397	7.035175879	57.78894472	9.547738693	5.025125628	3.015075377	0
TCGA-G4-6317	347	199	9	331	16	0.048	5.237	13.89728097	6.042296073	60.12084592	7.854984894	8.761329305	3.32326284	0
TCGA-G4-6320	3164	1911	218	2837	327	0.115	50.289	15.67267684	1.248266297	72.67683773	7.628294036	1.803051318	0.970873786	1
TCGA-G4-6321	106	72	1	105	1	0.01	1.895	18.0952381	1.904761905	68.57142857	5.714285714	3.80952381	1.904761905	0
TCGA-G4-6322	264	158	3	253	11	0.043	4.158	14.0625	6.25	67.96875	8.59375	1.5625	1.5625	0
TCGA-G4-6323	143	87	3	140	3	0.021	2.289	15	5.714285714	57.85714286	18.57142857	2.142857143	0.714285714	0
TCGA-G4-6586	1711	1080	232	1391	320	0.23	28.421	11.07117182	1.509705248	62.90438533	19.12293314	1.6534867	3.738317757	1
TCGA-G4-6588	3139	1896	372	2608	531	0.204	49.895	12.73006135	1.34202454	58.97239264	21.7791411	2.875766871	2.300613497	1
TCGA-G4-6626	200	118	1	194	6	0.031	3.105	16.49484536	4.639175258	65.97938144	9.278350515	3.608247423	0	0
TCGA-G4-6627	137	95	2	134	3	0.022	2.5	19.40298507	4.47761194	60.44776119	10.44776119	2.23880597	2.985074627	0
TCGA-G4-6628	2881	1820	331	2440	441	0.181	47.895	14.3852459	1.680327869	68.93442623	11.39344262	1.926229508	1.680327869	1
TCGA-NH-A50T	172	118	3	168	4	0.024	3.105	10.71428571	7.142857143	70.23809524	6.547619048	2.380952381	2.976190476	0
TCGA-NH-A50U	128	82	2	121	7	0.058	2.158	14.87603306	1.652892562	62.80991736	12.39669421	1.652892562	6.611570248	0
TCGA-NH-A50V	233	144	5	222	11	0.05	3.789	17.56756757	4.504504505	66.21621622	6.756756757	2.252252252	2.702702703	0
TCGA-NH-A5IV	3850	2327	516	3076	774	0.252	61.237	9.525357607	1.462938882	67.78283485	17.84785436	1.88556567	1.495448635	1
TCGA-NH-A6GA	137	84	2	135	2	0.015	2.211	18.51851852	5.925925926	63.7037037	4.444444444	2.962962963	4.444444444	0
TCGA-NH-A6GB	251	143	7	238	13	0.055	3.763	12.18487395	5.042016807	65.54621849	8.403361345	4.201680672	4.621848739	0
TCGA-NH-A6GC	172	113	6	162	10	0.062	2.974	19.13580247	11.11111111	53.08641975	5.555555556	4.938271605	6.172839506	0
TCGA-NH-A8F7	346	207	13	322	24	0.075	5.447	17.08074534	6.211180124	61.49068323	6.832298137	3.726708075	4.658385093	0
TCGA-NH-A8F8	169	98	4	165	4	0.024	2.579	20	1.818181818	65.45454545	6.666666667	3.636363636	2.424242424	0
TCGA-QG-A5YV	240	159	9	229	11	0.048	4.184	16.15720524	5.676855895	63.75545852	7.423580786	3.056768559	3.930131004	0
TCGA-QG-A5YW	215	139	5	207	8	0.039	3.658	17.87439614	6.763285024	54.58937198	13.04347826	2.415458937	5.314009662	0
TCGA-QG-A5YX	130	78	10	118	12	0.102	2.053	11.86440678	5.084745763	72.88135593	5.93220339	1.694915254	2.542372881	0
TCGA-QG-A5Z1	142	93	5	135	7	0.052	2.447	11.11111111	4.444444444	67.40740741	7.407407407	2.222222222	7.407407407	0
TCGA-QG-A5Z2	1573	1002	188	1310	263	0.201	26.368	11.3740458	1.832061069	67.17557252	13.12977099	2.671755725	3.816793893	1
TCGA-QL-A97D	344	209	6	335	9	0.027	5.5	16.41791045	8.358208955	53.13432836	10.44776119	7.462686567	4.179104478	0
TCGA-RU-A8FL	218	122	4	209	9	0.043	3.211	13.39712919	12.91866029	52.63157895	10.04784689	5.263157895	5.741626794	0
TCGA-SS-A7HO	230	142	4	223	7	0.031	3.737	20.1793722	4.484304933	55.60538117	7.174887892	8.968609865	3.587443946	0
TCGA-T9-A92H	272	154	4	264	8	0.03	4.053	18.18181818	6.060606061	49.62121212	9.090909091	10.60606061	6.439393939	0
TCGA-WS-AB45	3943	2456	422	3384	559	0.165	64.632	7.890070922	0.79787234	76.95035461	11.40661939	1.182033097	1.773049645	1