Patient.ID	mutation.load	nonsynonymous	frameshift	snp	indel	indel.snp.ratio	tmb	C.A	C.G	C.T	T.C	T.A	T.G	msi
TCGA-2E-A9G8	116	63	5	92	24	0.261	1.658	13.04347826	23.91304348	38.04347826	7.608695652	7.608695652	9.782608696	0
TCGA-4E-A92E	271	142	7	261	10	0.038	3.737	4.597701149	24.13793103	65.51724138	4.980842912	0.383141762	0.383141762	0
TCGA-5B-A90C	81	45	3	74	7	0.095	1.184	29.72972973	6.756756757	41.89189189	8.108108108	4.054054054	9.459459459	0
TCGA-5S-A9Q8	92	49	7	74	18	0.243	1.289	18.91891892	6.756756757	59.45945946	9.459459459	2.702702703	2.702702703	0
TCGA-A5-A0G3	58	36	0	54	4	0.074	0.947	12.96296296	12.96296296	55.55555556	7.407407407	5.555555556	5.555555556	0
TCGA-A5-A0G5	189	120	3	185	4	0.022	3.158	11.35135135	24.86486486	37.83783784	14.05405405	4.324324324	7.567567568	0
TCGA-A5-A0G9	609	424	57	538	71	0.132	11.158	16.54275093	2.230483271	51.11524164	17.10037175	10.03717472	2.973977695	1
TCGA-A5-A0GA	462	291	49	373	89	0.239	7.658	18.230563	2.144772118	57.90884718	15.54959786	4.021447721	2.144772118	1
TCGA-A5-A0GB	1061	655	143	851	210	0.247	17.237	13.86603995	2.467685076	61.45710928	16.33372503	3.525264395	2.350176263	1
TCGA-A5-A0GE	41	33	4	36	5	0.139	0.868	19.44444444	8.333333333	58.33333333	5.555555556	5.555555556	2.777777778	0
TCGA-A5-A0GH	675	419	96	528	147	0.278	11.026	12.68939394	2.651515152	63.06818182	16.28787879	2.840909091	2.462121212	1
TCGA-A5-A0GI	508	329	54	438	70	0.16	8.658	17.35159817	2.511415525	60.2739726	14.84018265	3.881278539	1.141552511	1
TCGA-A5-A0GJ	91	59	2	88	3	0.034	1.553	14.77272727	20.45454545	28.40909091	14.77272727	11.36363636	10.22727273	0
TCGA-A5-A0GM	56	41	4	51	5	0.098	1.079	15.68627451	9.803921569	56.8627451	13.7254902	3.921568627	0	0
TCGA-A5-A0GN	79	55	2	76	3	0.039	1.447	5.263157895	17.10526316	59.21052632	9.210526316	6.578947368	2.631578947	0
TCGA-A5-A0GQ	91	56	5	83	8	0.096	1.474	14.45783133	12.04819277	59.03614458	10.84337349	2.409638554	1.204819277	0
TCGA-A5-A0GU	65	40	4	60	5	0.083	1.053	10	11.66666667	56.66666667	8.333333333	6.666666667	6.666666667	0
TCGA-A5-A0GV	69	45	2	63	6	0.095	1.184	12.6984127	15.87301587	53.96825397	9.523809524	3.174603175	4.761904762	0
TCGA-A5-A0GW	490	300	67	397	93	0.234	7.895	11.33501259	2.267002519	62.46851385	19.14357683	3.274559194	1.511335013	1
TCGA-A5-A0GX	47	32	0	43	4	0.093	0.842	13.95348837	2.325581395	69.76744186	6.976744186	2.325581395	4.651162791	0
TCGA-A5-A0R6	72	46	4	67	5	0.075	1.211	11.94029851	11.94029851	61.19402985	7.462686567	5.970149254	1.492537313	0
TCGA-A5-A0R7	105	66	6	97	8	0.082	1.737	14.43298969	17.5257732	43.29896907	15.46391753	5.154639175	4.12371134	0
TCGA-A5-A0R8	101	74	8	90	11	0.122	1.947	15.55555556	5.555555556	62.22222222	6.666666667	10	0	0
TCGA-A5-A0R9	63	43	4	57	6	0.105	1.132	10.52631579	8.771929825	64.9122807	8.771929825	1.754385965	5.263157895	0
TCGA-A5-A0RA	98	75	7	87	11	0.126	1.974	16.09195402	10.34482759	58.62068966	13.79310345	0	1.149425287	0
TCGA-A5-A0VO	101	61	4	95	6	0.063	1.605	16.84210526	2.105263158	72.63157895	6.315789474	2.105263158	0	0
TCGA-A5-A0VP	2275	1427	31	2230	45	0.02	37.553	5.470852018	1.434977578	79.46188341	11.43497758	1.255605381	0.941704036	1
TCGA-A5-A0VQ	557	356	74	453	104	0.23	9.368	9.933774834	1.324503311	72.84768212	11.25827815	2.428256071	2.207505519	1
TCGA-A5-A1OG	47	36	0	47	0	0	0.947	14.89361702	12.76595745	48.93617021	17.0212766	6.382978723	0	0
TCGA-A5-A1OH	209	108	3	203	6	0.03	2.842	13.30049261	21.67487685	44.82758621	8.374384236	6.896551724	4.926108374	0
TCGA-A5-A1OJ	93	61	2	90	3	0.033	1.605	31.11111111	4.444444444	55.55555556	6.666666667	1.111111111	1.111111111	0
TCGA-A5-A1OK	94	64	4	90	4	0.044	1.684	20	5.555555556	63.33333333	6.666666667	3.333333333	1.111111111	0
TCGA-A5-A2K2	204	118	3	195	9	0.046	3.105	16.92307692	24.1025641	41.53846154	9.230769231	3.58974359	4.615384615	0
TCGA-A5-A2K3	2216	1198	45	2125	91	0.043	31.526	7.952941176	0.847058824	81.69411765	7.623529412	1.082352941	0.8	0
TCGA-A5-A2K4	53	29	0	52	1	0.019	0.763	15.38461538	7.692307692	53.84615385	13.46153846	5.769230769	3.846153846	0
TCGA-A5-A2K7	1256	602	137	900	356	0.396	15.842	11.33333333	1.444444444	70	13.22222222	2.666666667	1.333333333	1
TCGA-A5-A3LO	52	29	3	47	5	0.106	0.763	10.63829787	6.382978723	57.44680851	19.14893617	2.127659574	4.255319149	0
TCGA-A5-A3LP	84	47	2	79	5	0.063	1.237	10.12658228	15.18987342	63.29113924	5.063291139	1.265822785	5.063291139	0
TCGA-A5-A7WK	129	61	2	118	11	0.093	1.605	13.55932203	23.72881356	39.83050847	13.55932203	5.084745763	4.237288136	0
TCGA-A5-AB3J	67	41	2	63	4	0.063	1.079	19.04761905	3.174603175	55.55555556	14.28571429	4.761904762	3.174603175	0
TCGA-AJ-A23M	162	102	4	156	6	0.038	2.684	17.94871795	28.20512821	32.69230769	9.615384615	5.769230769	5.769230769	0
TCGA-AJ-A23N	70	45	2	67	3	0.045	1.184	13.43283582	20.89552239	43.28358209	10.44776119	5.970149254	5.970149254	0
TCGA-AJ-A23O	1588	838	133	1286	302	0.235	22.053	17.72939347	2.255054432	40.27993779	22.55054432	9.564541213	7.620528771	1
TCGA-AJ-A2QK	120	68	0	113	7	0.062	1.789	20.3539823	8.849557522	46.01769912	11.50442478	3.539823009	9.734513274	0
TCGA-AJ-A2QL	133	80	6	119	14	0.118	2.105	14.75409836	8.196721311	62.29508197	9.836065574	3.278688525	1.639344262	0
TCGA-AJ-A2QM	304	177	3	299	5	0.017	4.658	11.37123746	38.46153846	44.14715719	3.678929766	1.337792642	1.003344482	0
TCGA-AJ-A2QN	106	51	0	103	3	0.029	1.342	6.796116505	9.708737864	68.93203883	9.708737864	4.854368932	0	0
TCGA-AJ-A2QO	2186	1103	311	1489	697	0.468	29.026	13.16319678	2.820685024	63.12961719	16.92411014	1.813297515	2.149093351	1
TCGA-AJ-A3BD	121	74	3	114	7	0.061	1.947	15.78947368	20.1754386	46.49122807	11.40350877	2.631578947	3.50877193	0
TCGA-AJ-A3BF	53	25	3	44	9	0.205	0.658	22.72727273	6.818181818	50	13.63636364	0	6.818181818	0
TCGA-AJ-A3BG	2352	1261	202	1885	467	0.248	33.184	6.366047745	0.848806366	82.28116711	8.48806366	0.954907162	1.061007958	1
TCGA-AJ-A3BH	4878	2627	298	4183	695	0.166	69.132	11.40329907	0.836720057	77.98230935	7.745637103	1.004064069	1.027970356	1
TCGA-AJ-A3BI	59	39	2	55	4	0.073	1.026	16.36363636	14.54545455	41.81818182	14.54545455	9.090909091	3.636363636	0
TCGA-AJ-A3BK	100	57	3	93	7	0.075	1.5	19.35483871	5.376344086	55.91397849	9.677419355	4.301075269	5.376344086	0
TCGA-AJ-A3EJ	96	53	3	90	6	0.067	1.395	17.77777778	6.666666667	58.88888889	2.222222222	10	4.444444444	0
TCGA-AJ-A3EM	90	47	2	87	3	0.034	1.237	25.28735632	16.09195402	31.03448276	14.94252874	10.34482759	2.298850575	0
TCGA-AJ-A3I9	52	26	1	48	4	0.083	0.684	14.58333333	6.25	50	20.83333333	2.083333333	6.25	0
TCGA-AJ-A3IA	401	225	15	378	23	0.061	5.921	21.69312169	24.6031746	23.28042328	14.28571429	8.994708995	7.142857143	0
TCGA-AJ-A3NF	86	51	3	81	5	0.062	1.342	18.51851852	16.04938272	59.25925926	2.469135802	2.469135802	1.234567901	0
TCGA-AJ-A3NG	131	73	4	125	6	0.048	1.921	12.8	4.8	66.4	11.2	1.6	3.2	0
TCGA-AJ-A3OJ	1733	879	214	1227	506	0.412	23.132	10.35044825	1.222493888	73.67563162	12.06193969	1.385493073	1.30399348	1
TCGA-AJ-A3OK	1150	648	12	1120	30	0.027	17.053	3.035714286	0.446428571	87.23214286	6.964285714	1.071428571	1.25	0
TCGA-AJ-A3OL	555	292	84	372	183	0.492	7.684	8.870967742	1.88172043	68.01075269	15.32258065	1.344086022	4.569892473	1
TCGA-AJ-A3QS	402	226	5	396	6	0.015	5.947	14.39393939	37.62626263	43.68686869	2.02020202	0.757575758	1.515151515	0
TCGA-AJ-A3TW	193	108	2	189	4	0.021	2.842	13.75661376	34.39153439	42.32804233	6.349206349	1.058201058	2.116402116	0
TCGA-AJ-A5DV	124	80	6	113	11	0.097	2.105	14.15929204	7.96460177	67.25663717	6.194690265	3.539823009	0.884955752	0
TCGA-AJ-A6NU	73	42	2	69	4	0.058	1.105	26.08695652	8.695652174	43.47826087	10.14492754	8.695652174	2.898550725	0
TCGA-AJ-A8CT	1071	620	67	945	126	0.133	16.316	3.597883598	0.634920635	89.41798942	5.185185185	0.317460317	0.846560847	0
TCGA-AJ-A8CV	389	210	45	300	89	0.297	5.526	9	3	64.66666667	17.66666667	3.666666667	2	0
TCGA-AJ-A8CW	1216	644	143	886	330	0.372	16.947	12.30248307	1.58013544	66.59142212	14.78555305	2.821670429	1.918735892	1
TCGA-AP-A052	56	40	0	55	1	0.018	1.053	16.36363636	7.272727273	47.27272727	12.72727273	9.090909091	7.272727273	0
TCGA-AP-A054	1730	1027	141	1503	227	0.151	27.026	5.921490353	0.798403194	24.4843646	55.68862275	7.385229541	5.721889554	1
TCGA-AP-A05A	96	64	1	93	3	0.032	1.684	21.50537634	20.43010753	35.48387097	9.677419355	7.52688172	5.376344086	0
TCGA-AP-A05D	42	33	2	40	2	0.05	0.868	7.5	15	55	7.5	12.5	2.5	0
TCGA-AP-A05H	87	64	2	85	2	0.024	1.684	15.29411765	12.94117647	50.58823529	5.882352941	8.235294118	7.058823529	0
TCGA-AP-A05J	61	44	1	60	1	0.017	1.158	15	11.66666667	48.33333333	20	1.666666667	3.333333333	0
TCGA-AP-A05N	384	247	64	303	81	0.267	6.5	17.16171617	2.640264026	56.76567657	17.82178218	3.630363036	1.98019802	1
TCGA-AP-A05P	74	50	1	73	1	0.014	1.316	10.95890411	5.479452055	68.49315068	10.95890411	1.369863014	2.739726027	0
TCGA-AP-A0L8	88	57	1	86	2	0.023	1.5	18.60465116	16.27906977	39.53488372	17.44186047	3.488372093	4.651162791	0
TCGA-AP-A0L9	98	63	1	95	3	0.032	1.658	15.78947368	22.10526316	37.89473684	13.68421053	6.315789474	4.210526316	0
TCGA-AP-A0LD	726	440	76	587	139	0.237	11.579	13.79897785	1.873935264	54.85519591	23.50936968	3.577512777	2.385008518	1
TCGA-AP-A0LE	801	526	133	624	177	0.284	13.842	13.46153846	1.923076923	58.33333333	20.99358974	3.205128205	2.083333333	1
TCGA-AP-A0LF	332	230	1	327	5	0.015	6.053	14.98470948	31.80428135	38.83792049	4.892966361	4.892966361	4.587155963	0
TCGA-AP-A0LG	639	403	75	521	118	0.226	10.605	15.73896353	1.343570058	65.45105566	13.62763916	2.111324376	1.727447217	1
TCGA-AP-A0LH	44	29	2	40	4	0.1	0.763	15	7.5	62.5	2.5	7.5	5	0
TCGA-AP-A0LI	163	103	3	157	6	0.038	2.711	12.7388535	28.02547771	37.57961783	10.1910828	5.732484076	5.732484076	0
TCGA-AP-A0LJ	56	36	3	53	3	0.057	0.947	15.09433962	11.32075472	60.37735849	7.547169811	1.886792453	3.773584906	0
TCGA-AP-A0LL	62	44	3	58	4	0.069	1.158	13.79310345	5.172413793	67.24137931	12.06896552	0	1.724137931	0
TCGA-AP-A0LN	83	59	5	75	8	0.107	1.553	20	13.33333333	52	9.333333333	2.666666667	2.666666667	0
TCGA-AP-A0LO	41	28	1	39	2	0.051	0.737	7.692307692	5.128205128	71.79487179	7.692307692	5.128205128	2.564102564	0
TCGA-AP-A0LP	439	287	62	346	93	0.269	7.553	11.56069364	3.757225434	67.05202312	15.60693642	0.867052023	1.156069364	1
TCGA-AP-A0LQ	79	50	2	73	6	0.082	1.316	12.32876712	4.109589041	58.90410959	15.06849315	2.739726027	6.849315068	0
TCGA-AP-A0LS	847	407	105	567	280	0.494	10.711	16.04938272	2.292768959	54.14462081	21.69312169	2.116402116	3.703703704	1
TCGA-AP-A0LT	1004	617	150	782	222	0.284	16.237	10.74168798	1.534526854	69.56521739	13.55498721	2.813299233	1.79028133	1
TCGA-AP-A0LV	33	20	3	30	3	0.1	0.526	10	13.33333333	60	13.33333333	3.333333333	0	0
TCGA-AP-A1DH	1074	564	159	778	296	0.38	14.842	13.49614396	2.05655527	66.32390746	12.98200514	2.827763496	2.313624679	1
TCGA-AP-A1DM	681	349	97	480	201	0.419	9.184	14.58333333	2.916666667	60.41666667	16.45833333	2.5	3.125	1
TCGA-AP-A1DO	1173	542	140	802	371	0.463	14.263	12.59351621	2.867830424	60.2244389	15.83541147	5.985037406	2.493765586	1
TCGA-AP-A1DP	915	439	100	631	284	0.45	11.553	14.7385103	2.694136292	58.47860539	15.84786054	5.388272583	2.852614897	1
TCGA-AP-A1DQ	43	29	1	42	1	0.024	0.763	21.42857143	9.523809524	50	7.142857143	4.761904762	7.142857143	0
TCGA-AP-A1DR	1560	715	205	1000	560	0.56	18.816	14	1.9	67.1	13	3	1	1
TCGA-AP-A1E1	992	539	121	767	225	0.293	14.184	13.95045632	2.21642764	61.14732725	16.16688396	3.389830508	3.129074316	1
TCGA-AP-A1E3	67	37	2	62	5	0.081	0.974	17.74193548	3.225806452	61.29032258	6.451612903	8.064516129	3.225806452	0
TCGA-AP-A1E4	43	20	2	40	3	0.075	0.526	20	7.5	52.5	10	5	5	0
TCGA-AP-A5FX	62	37	0	60	2	0.033	0.974	16.66666667	10	58.33333333	10	5	0	0
TCGA-AW-A1PO	117	64	3	105	12	0.114	1.684	17.14285714	20	37.14285714	10.47619048	7.619047619	7.619047619	0
TCGA-AX-A05S	781	487	90	635	146	0.23	12.816	7.874015748	2.047244094	70.86614173	12.12598425	4.724409449	2.362204724	1
TCGA-AX-A05T	77	45	5	68	9	0.132	1.184	17.64705882	2.941176471	60.29411765	13.23529412	1.470588235	4.411764706	0
TCGA-AX-A05U	39	26	2	35	4	0.114	0.684	17.14285714	5.714285714	62.85714286	5.714285714	0	8.571428571	0
TCGA-AX-A05W	100	65	4	95	5	0.053	1.711	16.84210526	7.368421053	60	7.368421053	2.105263158	6.315789474	0
TCGA-AX-A05Y	287	176	18	253	34	0.134	4.632	7.509881423	1.976284585	76.6798419	11.46245059	1.185770751	1.185770751	0
TCGA-AX-A060	1142	716	100	983	159	0.162	18.842	13.02136317	1.424211597	53.91658189	21.56663276	6.408952187	3.662258393	1
TCGA-AX-A062	36	24	0	36	0	0	0.632	11.11111111	5.555555556	58.33333333	19.44444444	2.777777778	2.777777778	0
TCGA-AX-A063	1504	968	122	1326	178	0.134	25.474	12.21719457	1.659125189	41.77978884	35.21870287	5.20361991	3.921568627	1
TCGA-AX-A064	417	249	31	352	65	0.185	6.553	13.06818182	2.272727273	56.81818182	23.01136364	2.840909091	1.988636364	1
TCGA-AX-A06B	58	37	2	54	4	0.074	0.974	7.407407407	7.407407407	62.96296296	14.81481481	1.851851852	5.555555556	0
TCGA-AX-A06F	11258	7055	23	11213	45	0.004	185.658	28.1102292	0.392401677	56.30072238	8.766610185	1.551770267	4.878266298	0
TCGA-AX-A06H	635	393	106	492	143	0.291	10.342	9.146341463	2.845528455	68.49593496	15.6504065	1.829268293	2.032520325	1
TCGA-AX-A06J	88	57	5	81	7	0.086	1.5	16.04938272	6.172839506	56.79012346	7.407407407	9.87654321	3.703703704	0
TCGA-AX-A06L	60	37	4	56	4	0.071	0.974	21.42857143	3.571428571	53.57142857	12.5	5.357142857	3.571428571	0
TCGA-AX-A0IS	69	47	5	63	6	0.095	1.237	14.28571429	6.349206349	60.31746032	6.349206349	3.174603175	9.523809524	0
TCGA-AX-A0IU	85	51	4	79	6	0.076	1.342	15.18987342	16.4556962	51.89873418	10.12658228	3.797468354	2.53164557	0
TCGA-AX-A0IW	77	53	4	73	4	0.055	1.395	10.95890411	16.43835616	46.57534247	16.43835616	6.849315068	2.739726027	0
TCGA-AX-A0J1	8041	4995	234	7699	342	0.044	131.447	9.144044681	0.441615794	83.38745292	5.611118327	0.701389791	0.714378491	1
TCGA-AX-A1C4	1766	833	208	1191	575	0.483	21.921	12.51049538	2.183039463	63.47607053	17.29638959	2.854743913	1.679261125	1
TCGA-AX-A1C5	1635	823	57	1452	183	0.126	21.658	8.195592287	0.826446281	76.03305785	12.19008264	1.515151515	1.239669421	1
TCGA-AX-A1C7	62	40	1	61	1	0.016	1.053	24.59016393	8.196721311	42.62295082	11.47540984	6.557377049	6.557377049	0
TCGA-AX-A1C8	101	69	1	100	1	0.01	1.816	12	19	44	20	3	2	0
TCGA-AX-A1C9	1703	944	25	1607	96	0.06	24.842	4.915992533	0.684505289	82.14063472	9.583074051	1.555693839	1.120099564	0
TCGA-AX-A1CA	168	107	4	163	5	0.031	2.816	15.95092025	19.01840491	55.21472393	4.90797546	3.067484663	1.840490798	0
TCGA-AX-A1CC	30	19	1	28	2	0.071	0.5	25	7.142857143	57.14285714	7.142857143	0	3.571428571	0
TCGA-AX-A1CE	20384	11177	300	19621	763	0.039	294.132	19.33132868	0.407726416	64.77753427	10.76907395	1.080475001	3.633861679	1
TCGA-AX-A1CF	162	90	6	153	9	0.059	2.368	16.99346405	30.06535948	25.49019608	10.45751634	7.189542484	9.803921569	0
TCGA-AX-A1CI	109	58	3	106	3	0.028	1.526	50	2.830188679	34.90566038	7.547169811	1.886792453	2.830188679	0
TCGA-AX-A1CJ	92	50	5	85	7	0.082	1.316	14.11764706	4.705882353	68.23529412	7.058823529	5.882352941	0	0
TCGA-AX-A1CK	91	58	6	81	10	0.123	1.526	12.34567901	9.87654321	65.43209877	6.172839506	1.234567901	4.938271605	0
TCGA-AX-A1CN	52	32	1	50	2	0.04	0.842	16	8	58	10	6	2	0
TCGA-AX-A2H2	324	177	3	314	10	0.032	4.658	15.2866242	27.70700637	44.26751592	7.324840764	2.229299363	3.184713376	0
TCGA-AX-A2H4	294	163	4	286	8	0.028	4.289	10.83916084	36.36363636	36.01398601	6.293706294	5.244755245	5.244755245	0
TCGA-AX-A2H5	63	47	0	62	1	0.016	1.237	14.51612903	17.74193548	50	3.225806452	8.064516129	6.451612903	0
TCGA-AX-A2H7	287	164	11	274	13	0.047	4.316	16.31205674	7.092198582	59.57446809	11.34751773	0.709219858	4.964539007	0
TCGA-AX-A2HA	2963	1475	305	2201	762	0.346	38.816	12.63062244	0.817810086	67.78736938	14.90231713	2.135393003	1.72648796	1
TCGA-AX-A2HC	23246	12616	115	22941	305	0.013	332	46.65010244	0.244104442	42.539558	3.038228499	1.721808116	5.806198509	0
TCGA-AX-A2HD	14948	7638	328	14106	842	0.06	201	16.70211258	0.233943003	72.30965547	7.372749185	1.346944563	2.034595208	1
TCGA-AX-A2HG	1644	830	214	1154	490	0.425	21.842	15.0779896	1.819757366	61.87175043	16.4644714	2.426343154	2.339688042	1
TCGA-AX-A2HH	74	37	3	71	3	0.042	0.974	15.49295775	2.816901408	63.38028169	11.26760563	1.408450704	5.633802817	0
TCGA-AX-A2HJ	3080	1517	286	2377	703	0.296	39.921	8.203618006	1.514514093	37.98906184	46.82372739	3.449726546	2.019352125	1
TCGA-AX-A2HK	104	61	4	96	8	0.083	1.605	25	17.70833333	37.5	9.375	5.208333333	5.208333333	0
TCGA-AX-A2IN	1002	501	106	744	258	0.347	13.184	13.84408602	1.88172043	59.94623656	18.27956989	3.225806452	2.822580645	1
TCGA-AX-A2IO	638	328	6	627	11	0.018	8.632	8.612440191	48.80382775	39.55342903	1.435406699	0.4784689	1.116427432	0
TCGA-AX-A3FS	1552	736	209	1027	525	0.511	19.368	11.48977605	2.239532619	62.90165531	19.37682571	1.460564752	2.53164557	1
TCGA-AX-A3FT	2349	1248	227	1868	481	0.257	32.842	13.97216274	1.124197002	67.66595289	13.32976445	1.713062099	2.194860814	1
TCGA-AX-A3FV	153	77	2	150	3	0.02	2.026	16	24.66666667	26	18.66666667	7.333333333	7.333333333	0
TCGA-AX-A3FW	79	42	1	76	3	0.039	1.105	15.78947368	5.263157895	55.26315789	11.84210526	6.578947368	5.263157895	0
TCGA-AX-A3FX	101	56	0	99	2	0.02	1.474	16.16161616	18.18181818	39.39393939	11.11111111	5.050505051	10.1010101	0
TCGA-AX-A3FZ	61	37	2	58	3	0.052	0.974	12.06896552	10.34482759	56.89655172	12.06896552	1.724137931	6.896551724	0
TCGA-AX-A3G1	89	54	2	85	4	0.047	1.421	18.82352941	15.29411765	42.35294118	11.76470588	4.705882353	7.058823529	0
TCGA-AX-A3G4	67	34	4	60	7	0.117	0.895	16.66666667	10	35	21.66666667	11.66666667	5	0
TCGA-AX-A3G6	83	54	5	76	7	0.092	1.421	14.47368421	7.894736842	57.89473684	10.52631579	3.947368421	5.263157895	0
TCGA-AX-A3G7	48	27	2	45	3	0.067	0.711	11.11111111	13.33333333	53.33333333	6.666666667	6.666666667	8.888888889	0
TCGA-AX-A3G8	1495	776	191	1062	433	0.408	20.421	11.01694915	1.506591337	72.41054614	12.0527307	1.694915254	1.31826742	1
TCGA-AX-A3G9	1331	645	170	884	447	0.506	16.974	13.34841629	1.923076923	65.38461538	13.46153846	3.280542986	2.601809955	1
TCGA-AX-A3GB	142	78	2	137	5	0.036	2.053	7.299270073	5.109489051	69.34306569	8.759124088	5.839416058	3.649635036	0
TCGA-AX-A3GI	77	40	1	73	4	0.055	1.053	19.17808219	15.06849315	43.83561644	9.589041096	4.109589041	8.219178082	0
TCGA-B5-A0JN	203	132	6	195	8	0.041	3.474	13.33333333	24.1025641	33.33333333	12.82051282	8.717948718	7.692307692	0
TCGA-B5-A0JR	951	549	93	796	155	0.195	14.447	15.20100503	1.381909548	53.64321608	22.86432161	3.391959799	3.51758794	1
TCGA-B5-A0JS	39	28	2	37	2	0.054	0.737	13.51351351	2.702702703	56.75675676	16.21621622	0	10.81081081	0
TCGA-B5-A0JT	87	62	4	82	5	0.061	1.632	21.95121951	9.756097561	53.65853659	10.97560976	2.43902439	1.219512195	0
TCGA-B5-A0JU	905	400	109	611	294	0.481	10.526	13.09328969	1.963993453	66.12111293	13.09328969	3.764320786	1.963993453	1
TCGA-B5-A0JV	524	335	54	459	65	0.142	8.816	13.07189542	1.307189542	73.63834423	8.71459695	2.396514161	0.871459695	1
TCGA-B5-A0JX	111	62	5	105	6	0.057	1.632	15.23809524	14.28571429	55.23809524	3.80952381	3.80952381	7.619047619	0
TCGA-B5-A0JZ	760	484	122	585	175	0.299	12.737	12.64957265	2.735042735	66.32478632	14.52991453	2.735042735	1.025641026	1
TCGA-B5-A0K0	25	19	0	24	1	0.042	0.5	16.66666667	4.166666667	50	16.66666667	8.333333333	4.166666667	0
TCGA-B5-A0K1	72	40	4	66	6	0.091	1.053	16.66666667	4.545454545	63.63636364	6.060606061	4.545454545	4.545454545	0
TCGA-B5-A0K2	453	293	54	371	82	0.221	7.711	15.63342318	3.773584906	59.0296496	15.63342318	3.504043127	2.425876011	1
TCGA-B5-A0K3	79	52	2	76	3	0.039	1.368	10.52631579	7.894736842	56.57894737	15.78947368	2.631578947	6.578947368	0
TCGA-B5-A0K4	65	49	3	60	5	0.083	1.289	25	3.333333333	56.66666667	5	6.666666667	3.333333333	0
TCGA-B5-A0K6	520	340	38	465	55	0.118	8.947	16.12903226	1.505376344	64.30107527	13.5483871	3.225806452	1.290322581	1
TCGA-B5-A0K7	71	43	3	67	4	0.06	1.132	16.41791045	1.492537313	64.17910448	8.955223881	2.985074627	5.970149254	0
TCGA-B5-A0K8	71	40	1	70	1	0.014	1.053	17.14285714	21.42857143	44.28571429	7.142857143	5.714285714	4.285714286	0
TCGA-B5-A0K9	1176	740	163	941	235	0.25	19.474	11.68969182	1.806588735	64.50584485	16.5781084	2.550478215	2.869287991	1
TCGA-B5-A11F	60	38	2	57	3	0.053	1	7.01754386	3.50877193	75.43859649	10.52631579	0	3.50877193	0
TCGA-B5-A11G	871	523	120	688	183	0.266	13.763	5.523255814	2.470930233	32.84883721	46.51162791	6.831395349	5.813953488	1
TCGA-B5-A11H	1569	996	261	1170	399	0.341	26.211	10	1.111111111	64.7008547	20.17094017	2.64957265	1.367521368	1
TCGA-B5-A11I	74	46	1	72	2	0.028	1.211	22.22222222	13.88888889	47.22222222	9.722222222	2.777777778	4.166666667	0
TCGA-B5-A11J	677	422	84	545	132	0.242	11.105	12.29357798	2.201834862	66.42201835	14.67889908	2.752293578	1.651376147	1
TCGA-B5-A11L	172	110	7	159	13	0.082	2.895	13.83647799	7.547169811	50.31446541	11.94968553	7.547169811	8.805031447	0
TCGA-B5-A11M	43	33	1	39	4	0.103	0.868	20.51282051	5.128205128	69.23076923	5.128205128	0	0	0
TCGA-B5-A11O	142	96	7	133	9	0.068	2.526	15.78947368	5.263157895	61.65413534	15.78947368	0	1.503759398	0
TCGA-B5-A11P	82	43	3	75	7	0.093	1.132	18.66666667	9.333333333	60	6.666666667	2.666666667	2.666666667	0
TCGA-B5-A11Q	54	41	2	51	3	0.059	1.079	19.60784314	3.921568627	62.74509804	3.921568627	0	9.803921569	0
TCGA-B5-A11R	969	577	6	960	9	0.009	15.184	3.645833333	37.29166667	56.35416667	1.666666667	0.729166667	0.3125	0
TCGA-B5-A11S	67	50	3	63	4	0.063	1.316	12.6984127	11.11111111	60.31746032	7.936507937	4.761904762	3.174603175	0
TCGA-B5-A11U	573	360	98	439	134	0.305	9.474	11.16173121	1.822323462	67.19817768	15.71753986	1.59453303	2.505694761	1
TCGA-B5-A11V	79	56	5	74	5	0.068	1.474	21.62162162	5.405405405	56.75675676	6.756756757	2.702702703	6.756756757	0
TCGA-B5-A11W	95	70	2	92	3	0.033	1.842	13.04347826	7.608695652	66.30434783	6.52173913	4.347826087	2.173913043	0
TCGA-B5-A11X	85	57	5	78	7	0.09	1.5	23.07692308	6.41025641	55.12820513	11.53846154	1.282051282	2.564102564	0
TCGA-B5-A11Y	1506	925	14	1479	27	0.018	24.342	4.800540906	0.473292765	80.52738337	12.10277214	1.284651792	0.811359026	0
TCGA-B5-A11Z	82	52	1	78	4	0.051	1.368	20.51282051	5.128205128	64.1025641	1.282051282	5.128205128	3.846153846	0
TCGA-B5-A121	47	29	4	42	5	0.119	0.763	16.66666667	11.9047619	52.38095238	7.142857143	4.761904762	7.142857143	0
TCGA-B5-A1MR	12310	7134	16	12277	33	0.003	187.737	42.19271809	0.203632809	31.64453857	8.422252993	0.985582797	16.55127474	0
TCGA-B5-A1MS	71	45	3	66	5	0.076	1.184	18.18181818	18.18181818	46.96969697	7.575757576	7.575757576	1.515151515	0
TCGA-B5-A1MU	44	32	0	44	0	0	0.842	29.54545455	4.545454545	50	4.545454545	4.545454545	6.818181818	0
TCGA-B5-A1MV	107	58	3	101	6	0.059	1.526	19.8019802	6.930693069	63.36633663	6.930693069	0.99009901	1.98019802	0
TCGA-B5-A1MW	1175	515	101	864	311	0.36	13.553	7.638888889	1.967592593	24.53703704	52.43055556	7.175925926	6.25	1
TCGA-B5-A1MY	66	48	1	63	3	0.048	1.263	22.22222222	17.46031746	42.85714286	11.11111111	1.587301587	4.761904762	0
TCGA-B5-A1MZ	83	48	3	77	6	0.078	1.263	6.493506494	10.38961039	63.63636364	9.090909091	7.792207792	2.597402597	0
TCGA-B5-A1N2	206	139	4	201	5	0.025	3.658	19.40298507	26.86567164	31.34328358	10.44776119	8.955223881	2.985074627	0
TCGA-B5-A3F9	111	56	4	105	6	0.057	1.474	18.0952381	5.714285714	58.0952381	13.33333333	2.857142857	1.904761905	0
TCGA-B5-A3FB	83	42	2	77	6	0.078	1.105	14.28571429	5.194805195	68.83116883	7.792207792	2.597402597	1.298701299	0
TCGA-B5-A3FC	22937	11889	465	21793	1144	0.052	312.868	10.09498463	0.546046896	73.35382921	13.17395494	1.32152526	1.509659065	1
TCGA-B5-A3FD	79	39	4	74	5	0.068	1.026	16.21621622	8.108108108	54.05405405	13.51351351	5.405405405	2.702702703	0
TCGA-B5-A3FH	68	36	4	59	9	0.153	0.947	22.03389831	1.694915254	54.23728814	15.25423729	1.694915254	5.084745763	0
TCGA-B5-A3S1	152	86	1	149	3	0.02	2.263	12.75167785	24.16107383	53.02013423	3.355704698	4.026845638	2.684563758	0
TCGA-B5-A5OC	1919	940	185	1457	462	0.317	24.737	16.81537406	1.372683596	59.09402883	16.81537406	3.431708991	2.470830474	1
TCGA-B5-A5OD	72	48	4	66	6	0.091	1.263	10.60606061	7.575757576	51.51515152	15.15151515	10.60606061	4.545454545	0
TCGA-B5-A5OE	122	66	3	117	5	0.043	1.737	12.82051282	11.96581197	52.99145299	15.38461538	2.564102564	4.273504274	0
TCGA-BG-A0LW	44	28	3	40	4	0.1	0.737	10	10	55	12.5	7.5	5	0
TCGA-BG-A0LX	724	436	100	589	135	0.229	11.474	12.22410866	1.867572156	59.42275042	21.90152801	2.716468591	1.867572156	1
TCGA-BG-A0M0	214	135	25	175	39	0.223	3.553	13.14285714	4.571428571	63.42857143	12	5.142857143	1.714285714	0
TCGA-BG-A0M2	44	28	2	39	5	0.128	0.737	5.128205128	25.64102564	43.58974359	10.25641026	10.25641026	5.128205128	0
TCGA-BG-A0M3	82	54	5	75	7	0.093	1.421	6.666666667	6.666666667	70.66666667	9.333333333	1.333333333	5.333333333	0
TCGA-BG-A0M4	877	565	87	763	114	0.149	14.868	9.829619921	1.179554391	46.39580603	37.4836173	2.228047182	2.883355177	1
TCGA-BG-A0M6	57	43	2	54	3	0.056	1.132	12.96296296	11.11111111	46.2962963	11.11111111	5.555555556	12.96296296	0
TCGA-BG-A0M7	90	62	2	87	3	0.034	1.632	10.34482759	4.597701149	77.01149425	6.896551724	0	1.149425287	0
TCGA-BG-A0M9	83	57	4	76	7	0.092	1.5	18.42105263	3.947368421	63.15789474	5.263157895	2.631578947	6.578947368	0
TCGA-BG-A0MA	68	43	7	61	7	0.115	1.132	16.39344262	3.278688525	59.01639344	14.75409836	1.639344262	4.918032787	0
TCGA-BG-A0MC	76	50	3	72	4	0.056	1.316	11.11111111	5.555555556	58.33333333	19.44444444	2.777777778	2.777777778	0
TCGA-BG-A0MG	163	99	9	150	13	0.087	2.605	15.33333333	6.666666667	57.33333333	12	5.333333333	3.333333333	0
TCGA-BG-A0MI	78	51	1	76	2	0.026	1.342	6.578947368	14.47368421	61.84210526	9.210526316	5.263157895	2.631578947	0
TCGA-BG-A0MK	151	79	5	142	9	0.063	2.079	16.90140845	6.338028169	58.45070423	11.97183099	2.816901408	3.521126761	0
TCGA-BG-A0MO	64	39	4	59	5	0.085	1.026	15.25423729	15.25423729	47.45762712	15.25423729	0	6.779661017	0
TCGA-BG-A0MQ	926	585	151	722	204	0.283	15.395	12.46537396	2.354570637	58.72576177	20.77562327	3.601108033	2.077562327	1
TCGA-BG-A0MT	46	31	2	40	6	0.15	0.816	5	12.5	80	2.5	0	0	0
TCGA-BG-A0MU	90	52	3	84	6	0.071	1.368	14.28571429	10.71428571	57.14285714	14.28571429	1.19047619	2.380952381	0
TCGA-BG-A0RY	74	45	3	71	3	0.042	1.184	9.85915493	9.85915493	61.97183099	11.26760563	2.816901408	4.225352113	0
TCGA-BG-A0VT	47	30	2	45	2	0.044	0.789	11.11111111	11.11111111	60	13.33333333	0	4.444444444	0
TCGA-BG-A0VV	64	41	0	62	2	0.032	1.079	16.12903226	12.90322581	54.83870968	3.225806452	8.064516129	4.838709677	0
TCGA-BG-A0VW	683	424	56	596	87	0.146	11.158	13.08724832	2.852348993	65.93959732	14.09395973	1.342281879	2.684563758	1
TCGA-BG-A0VZ	521	320	76	412	109	0.265	8.421	12.62135922	3.883495146	64.0776699	14.80582524	1.941747573	2.669902913	1
TCGA-BG-A0W1	94	62	10	77	17	0.221	1.632	5.194805195	10.38961039	67.53246753	7.792207792	2.597402597	6.493506494	0
TCGA-BG-A0W2	51	28	2	48	3	0.062	0.737	14.58333333	4.166666667	70.83333333	6.25	0	4.166666667	0
TCGA-BG-A0YU	31	18	0	31	0	0	0.474	16.12903226	0	64.51612903	12.90322581	0	6.451612903	0
TCGA-BG-A0YV	106	71	4	101	5	0.05	1.868	9.900990099	4.95049505	64.35643564	10.89108911	4.95049505	4.95049505	0
TCGA-BG-A186	47	30	6	40	7	0.175	0.789	7.5	7.5	65	7.5	7.5	5	0
TCGA-BG-A187	117	78	3	109	8	0.073	2.053	14.67889908	9.174311927	63.30275229	8.256880734	3.669724771	0.917431193	0
TCGA-BG-A18A	87	53	6	81	6	0.074	1.395	16.04938272	9.87654321	58.02469136	8.641975309	4.938271605	2.469135802	0
TCGA-BG-A18B	553	362	100	421	132	0.314	9.526	13.77672209	1.90023753	66.98337292	15.20190024	0.950118765	1.187648456	1
TCGA-BG-A18C	70	46	4	65	5	0.077	1.211	13.84615385	13.84615385	40	18.46153846	9.230769231	4.615384615	0
TCGA-BG-A222	7999	4105	392	7126	873	0.123	108.026	5.150154364	0.884086444	52.58209374	33.87594724	6.679764244	0.827953971	1
TCGA-BG-A2AE	173	104	4	166	7	0.042	2.737	9.523809524	16.66666667	51.19047619	13.0952381	4.761904762	4.761904762	0
TCGA-BG-A2L7	2394	1160	357	1562	832	0.533	30.526	11.9047619	1.629072682	68.17042607	13.4085213	2.882205514	2.005012531	1
TCGA-BG-A3EW	930	438	108	637	293	0.46	11.526	16.64050235	1.726844584	54.16012559	19.62323391	4.709576138	3.139717425	1
TCGA-BG-A3PP	172	85	2	159	13	0.082	2.237	25.92592593	12.34567901	43.20987654	7.407407407	7.407407407	3.703703704	0
TCGA-BK-A0C9	882	565	50	819	63	0.077	14.868	10.37851038	10.98901099	57.87545788	15.14041514	3.907203907	1.709401709	1
TCGA-BK-A0CA	80	47	4	75	5	0.067	1.237	8	6.666666667	68	8	6.666666667	2.666666667	0
TCGA-BK-A0CB	82	50	2	79	3	0.038	1.316	18.98734177	7.594936709	55.69620253	10.12658228	7.594936709	0	0
TCGA-BK-A0CC	90	51	4	80	10	0.125	1.342	15	16.25	53.75	8.75	1.25	5	0
TCGA-BK-A139	477	252	0	472	5	0.011	6.632	23.09322034	15.25423729	37.71186441	11.01694915	7.203389831	5.720338983	0
TCGA-BK-A13B	1225	618	133	871	354	0.406	16.263	13.43283582	1.492537313	60.39035591	19.28817451	2.755453502	2.640642939	1
TCGA-BK-A13C	120	82	6	114	6	0.053	2.158	20.68965517	5.172413793	58.62068966	12.06896552	3.448275862	0	0
TCGA-BK-A26L	127	70	3	122	5	0.041	1.842	18.85245902	12.29508197	38.52459016	18.03278689	8.196721311	4.098360656	0
TCGA-BK-A4ZD	246	136	4	237	9	0.038	3.579	12.39669421	12.39669421	46.28099174	12.39669421	9.917355372	6.611570248	0
TCGA-BK-A56F	89	53	2	82	7	0.085	1.395	13.41463415	8.536585366	58.53658537	10.97560976	4.87804878	3.658536585	0
TCGA-BK-A6W4	42	24	2	38	4	0.105	0.632	21.05263158	0	55.26315789	15.78947368	5.263157895	2.631578947	0
TCGA-BS-A0T9	79	56	5	71	8	0.113	1.474	18.30985915	8.450704225	56.33802817	4.225352113	9.85915493	2.816901408	0
TCGA-BS-A0TA	685	460	86	581	104	0.179	12.105	15.14629948	1.893287435	55.24956971	23.40791738	0.860585198	3.442340792	1
TCGA-BS-A0TC	1894	1284	6	1886	8	0.004	33.789	46.23541888	0.318133616	36.47932131	4.665959703	1.113467656	11.18769883	0
TCGA-BS-A0TD	55	33	4	49	6	0.122	0.868	12.24489796	8.163265306	51.02040816	24.48979592	2.040816327	2.040816327	0
TCGA-BS-A0TE	472	292	40	416	56	0.135	7.684	15.625	4.086538462	56.49038462	15.38461538	6.490384615	1.923076923	0
TCGA-BS-A0TG	61	37	2	58	3	0.052	0.974	13.79310345	6.896551724	62.06896552	13.79310345	1.724137931	1.724137931	0
TCGA-BS-A0TI	116	84	3	112	4	0.036	2.211	20.53571429	9.821428571	25	18.75	10.71428571	15.17857143	0
TCGA-BS-A0TJ	1077	681	156	849	228	0.269	17.921	14.01648999	1.295641932	66.7844523	14.36984688	1.766784452	1.766784452	1
TCGA-BS-A0U5	78	57	3	74	4	0.054	1.5	14.86486486	9.459459459	58.10810811	12.16216216	2.702702703	2.702702703	0
TCGA-BS-A0U7	300	177	19	265	35	0.132	4.658	15.47169811	2.264150943	55.09433962	19.24528302	5.283018868	2.641509434	0
TCGA-BS-A0U8	671	414	96	512	159	0.311	10.895	9.375	1.5625	67.1875	16.796875	3.515625	1.5625	1
TCGA-BS-A0U9	43	36	3	38	5	0.132	0.947	28.94736842	7.894736842	47.36842105	10.52631579	5.263157895	0	0
TCGA-BS-A0UA	500	309	64	403	97	0.241	8.132	10.42183623	2.729528536	67.99007444	13.64764268	2.481389578	2.729528536	1
TCGA-BS-A0UJ	2455	1495	99	2328	127	0.055	39.342	11.98453608	0.171821306	13.05841924	57.60309278	5.970790378	11.21134021	0
TCGA-BS-A0UL	572	380	53	497	75	0.151	10	9.85915493	1.408450704	70.62374245	11.87122736	4.828973843	1.408450704	1
TCGA-BS-A0UM	691	451	82	583	108	0.185	11.868	14.23670669	2.572898799	62.26415094	15.09433962	3.430531732	2.401372213	1
TCGA-BS-A0UT	48	35	1	44	4	0.091	0.921	15.90909091	11.36363636	45.45454545	18.18181818	4.545454545	4.545454545	0
TCGA-BS-A0V4	637	317	92	438	199	0.454	8.342	15.52511416	2.739726027	64.84018265	13.47031963	2.739726027	0.684931507	0
TCGA-BS-A0V6	77	51	2	75	2	0.027	1.342	14.66666667	9.333333333	53.33333333	16	4	2.666666667	0
TCGA-BS-A0V7	77	59	2	74	3	0.041	1.553	17.56756757	5.405405405	52.7027027	12.16216216	8.108108108	4.054054054	0
TCGA-BS-A0V8	115	73	7	107	8	0.075	1.921	13.08411215	18.69158879	42.05607477	18.69158879	2.803738318	4.672897196	0
TCGA-BS-A0VI	591	296	59	437	154	0.352	7.789	20.13729977	2.974828375	56.29290618	16.93363844	1.830663616	1.830663616	0
TCGA-BS-A0WQ	67	43	4	61	6	0.098	1.132	14.75409836	6.557377049	65.57377049	4.918032787	6.557377049	1.639344262	0
TCGA-D1-A0ZN	63	39	4	58	5	0.086	1.026	18.96551724	6.896551724	48.27586207	15.51724138	5.172413793	5.172413793	0
TCGA-D1-A0ZO	908	617	153	713	195	0.273	16.237	11.78120617	2.384291725	65.35764376	14.86676017	3.50631136	2.103786816	1
TCGA-D1-A0ZP	48	32	0	46	2	0.043	0.842	21.73913043	17.39130435	45.65217391	6.52173913	2.173913043	6.52173913	0
TCGA-D1-A0ZQ	117	74	4	107	10	0.093	1.947	18.69158879	7.476635514	63.55140187	4.672897196	0.934579439	4.672897196	0
TCGA-D1-A0ZR	76	48	4	71	5	0.07	1.263	12.67605634	8.450704225	57.74647887	11.26760563	5.633802817	4.225352113	0
TCGA-D1-A0ZS	618	385	85	478	140	0.293	10.132	11.29707113	2.30125523	65.89958159	16.31799163	2.092050209	2.092050209	1
TCGA-D1-A0ZU	47	31	3	43	4	0.093	0.816	11.62790698	2.325581395	81.39534884	2.325581395	0	2.325581395	0
TCGA-D1-A0ZV	56	39	4	51	5	0.098	1.026	11.76470588	5.882352941	72.54901961	7.843137255	1.960784314	0	0
TCGA-D1-A0ZZ	88	62	2	84	4	0.048	1.632	15.47619048	17.85714286	45.23809524	7.142857143	7.142857143	7.142857143	0
TCGA-D1-A101	684	419	69	597	87	0.146	11.026	13.23283082	2.512562814	67.5041876	14.9078727	1.172529313	0.67001675	1
TCGA-D1-A102	68	43	1	62	6	0.097	1.132	17.74193548	4.838709677	64.51612903	6.451612903	4.838709677	1.612903226	0
TCGA-D1-A15V	63	39	2	59	4	0.068	1.026	15.25423729	6.779661017	54.23728814	13.55932203	8.474576271	1.694915254	0
TCGA-D1-A15W	96	68	2	90	6	0.067	1.789	16.66666667	10	58.88888889	10	3.333333333	1.111111111	0
TCGA-D1-A15X	2409	1458	24	2375	34	0.014	38.368	6.442105263	1.136842105	54.90526316	30.82105263	5.052631579	1.642105263	1
TCGA-D1-A15Z	101	66	7	91	10	0.11	1.737	17.58241758	7.692307692	63.73626374	4.395604396	3.296703297	3.296703297	0
TCGA-D1-A160	750	483	104	613	137	0.223	12.711	12.72430669	1.468189233	55.62805873	23.3278956	2.77324633	4.078303426	1
TCGA-D1-A161	122	78	6	114	8	0.07	2.053	13.15789474	6.140350877	64.03508772	9.649122807	3.50877193	3.50877193	0
TCGA-D1-A163	886	544	159	665	221	0.332	14.316	12.63157895	2.556390977	62.10526316	20	1.503759398	1.203007519	1
TCGA-D1-A165	92	61	3	86	6	0.07	1.605	12.79069767	9.302325581	63.95348837	5.813953488	6.976744186	1.162790698	0
TCGA-D1-A167	2450	1524	68	2352	98	0.042	40.105	6.717687075	0.765306122	83.37585034	7.31292517	1.232993197	0.595238095	1
TCGA-D1-A168	72	50	4	66	6	0.091	1.316	9.090909091	3.03030303	68.18181818	12.12121212	3.03030303	4.545454545	0
TCGA-D1-A169	80	49	2	76	4	0.053	1.289	9.210526316	21.05263158	48.68421053	14.47368421	5.263157895	1.315789474	0
TCGA-D1-A16B	66	45	4	61	5	0.082	1.184	19.67213115	8.196721311	52.45901639	13.1147541	1.639344262	4.918032787	0
TCGA-D1-A16D	54	38	3	50	4	0.08	1	12	6	60	12	6	4	0
TCGA-D1-A16E	81	51	4	76	5	0.066	1.342	5.263157895	7.894736842	64.47368421	14.47368421	5.263157895	2.631578947	0
TCGA-D1-A16F	754	482	104	621	133	0.214	12.684	10.95008052	2.093397746	63.44605475	20.12882448	2.576489533	0.805152979	1
TCGA-D1-A16G	57	38	2	54	3	0.056	1	14.81481481	3.703703704	66.66666667	11.11111111	1.851851852	1.851851852	0
TCGA-D1-A16I	58	34	3	54	4	0.074	0.895	9.259259259	18.51851852	57.40740741	11.11111111	1.851851852	1.851851852	0
TCGA-D1-A16J	331	216	4	325	6	0.018	5.684	11.07692308	18.46153846	63.38461538	2.769230769	2.461538462	1.846153846	0
TCGA-D1-A16N	196	126	15	172	24	0.14	3.316	12.79069767	9.302325581	41.27906977	23.25581395	8.139534884	5.23255814	0
TCGA-D1-A16O	47	31	3	43	4	0.093	0.816	16.27906977	9.302325581	60.46511628	11.62790698	0	2.325581395	0
TCGA-D1-A16Q	43	29	1	41	2	0.049	0.763	9.756097561	14.63414634	58.53658537	12.19512195	4.87804878	0	0
TCGA-D1-A16R	61	42	1	60	1	0.017	1.105	20	8.333333333	53.33333333	13.33333333	1.666666667	3.333333333	0
TCGA-D1-A16S	75	51	2	73	2	0.027	1.342	15.06849315	15.06849315	50.68493151	13.69863014	1.369863014	4.109589041	0
TCGA-D1-A16V	60	38	2	53	7	0.132	1	9.433962264	3.773584906	58.49056604	13.20754717	9.433962264	5.660377358	0
TCGA-D1-A174	1221	793	182	972	249	0.256	20.868	11.11111111	1.131687243	73.97119342	11.41975309	1.028806584	1.33744856	1
TCGA-D1-A176	650	416	82	533	117	0.22	10.947	15.57223265	1.688555347	63.97748593	15.00938086	2.063789869	1.688555347	1
TCGA-D1-A177	1199	782	215	894	305	0.341	20.579	11.96868009	2.348993289	63.64653244	19.01565996	1.789709172	1.230425056	1
TCGA-D1-A17A	374	234	45	302	72	0.238	6.158	12.25165563	2.649006623	62.58278146	18.54304636	0.662251656	3.311258278	1
TCGA-D1-A17B	418	278	37	359	59	0.164	7.316	13.64902507	1.949860724	67.40947075	10.58495822	3.342618384	3.064066852	0
TCGA-D1-A17C	74	50	4	67	7	0.104	1.316	13.43283582	4.47761194	64.17910448	5.970149254	8.955223881	2.985074627	0
TCGA-D1-A17D	723	457	84	603	120	0.199	12.026	15.92039801	3.648424544	65.33996683	11.44278607	2.653399668	0.995024876	1
TCGA-D1-A17F	357	214	18	334	23	0.069	5.632	3.293413174	2.095808383	77.54491018	14.37125749	0.898203593	1.796407186	0
TCGA-D1-A17H	1019	636	159	805	214	0.266	16.737	13.16770186	1.118012422	64.72049689	17.14285714	2.111801242	1.739130435	1
TCGA-D1-A17K	90	56	5	84	6	0.071	1.474	14.28571429	17.85714286	42.85714286	9.523809524	5.952380952	9.523809524	0
TCGA-D1-A17L	87	63	1	84	3	0.036	1.658	17.85714286	9.523809524	57.14285714	3.571428571	5.952380952	5.952380952	0
TCGA-D1-A17M	640	425	84	535	105	0.196	11.184	12.89719626	2.056074766	68.41121495	13.27102804	2.803738318	0.560747664	1
TCGA-D1-A17N	41	28	1	38	3	0.079	0.737	15.78947368	5.263157895	63.15789474	7.894736842	2.631578947	5.263157895	0
TCGA-D1-A17R	374	239	32	334	40	0.12	6.289	11.67664671	1.796407186	65.26946108	17.66467066	2.395209581	1.19760479	0
TCGA-D1-A17S	62	44	2	59	3	0.051	1.158	16.94915254	3.389830508	69.49152542	3.389830508	5.084745763	1.694915254	0
TCGA-D1-A17T	102	62	4	97	5	0.052	1.632	12.37113402	10.30927835	65.97938144	6.18556701	5.154639175	0	0
TCGA-D1-A17U	621	406	99	489	132	0.27	10.684	12.06543967	2.044989775	64.41717791	17.17791411	2.044989775	2.249488753	1
TCGA-D1-A1NS	554	285	60	416	138	0.332	7.5	13.46153846	2.884615385	62.74038462	14.66346154	3.365384615	2.884615385	0
TCGA-D1-A1NU	113	76	2	110	3	0.027	2	16.36363636	22.72727273	34.54545455	12.72727273	10	3.636363636	0
TCGA-D1-A1NW	74	52	1	70	4	0.057	1.368	17.14285714	12.85714286	45.71428571	12.85714286	4.285714286	7.142857143	0
TCGA-D1-A1NX	54	40	1	52	2	0.038	1.053	19.23076923	11.53846154	50	9.615384615	1.923076923	7.692307692	0
TCGA-D1-A1NY	1096	557	149	765	331	0.433	14.658	13.20261438	2.091503268	60.65359477	18.69281046	2.745098039	2.614379085	1
TCGA-D1-A1NZ	1413	709	150	1063	350	0.329	18.658	15.42803387	2.916274694	55.50329257	18.72060207	3.480714958	3.951081844	1
TCGA-D1-A1O0	97	48	3	90	7	0.078	1.263	13.33333333	12.22222222	56.66666667	13.33333333	2.222222222	2.222222222	0
TCGA-D1-A1O5	109	63	3	104	5	0.048	1.658	24.03846154	5.769230769	56.73076923	3.846153846	1.923076923	7.692307692	0
TCGA-D1-A1O7	628	320	51	511	117	0.229	8.421	12.32876712	2.544031311	70.84148728	9.980430528	2.739726027	1.56555773	0
TCGA-D1-A1O8	108	59	5	101	7	0.069	1.553	21.78217822	9.900990099	60.3960396	4.95049505	0.99009901	1.98019802	0
TCGA-D1-A2G0	1592	795	207	1144	448	0.392	20.921	11.53846154	2.447552448	66.08391608	16.52097902	1.748251748	1.660839161	1
TCGA-D1-A2G5	387	210	38	315	72	0.229	5.526	15.87301587	2.53968254	54.6031746	18.0952381	6.349206349	2.53968254	0
TCGA-D1-A2G6	141	69	2	135	6	0.044	1.816	8.148148148	4.444444444	71.11111111	7.407407407	3.703703704	5.185185185	0
TCGA-D1-A2G7	82	40	2	78	4	0.051	1.053	24.35897436	17.94871795	38.46153846	6.41025641	8.974358974	3.846153846	0
TCGA-D1-A3DA	129	72	6	118	11	0.093	1.895	18.6440678	8.474576271	44.91525424	18.6440678	5.084745763	4.237288136	0
TCGA-D1-A3DG	187	94	6	178	9	0.051	2.474	19.1011236	20.2247191	35.95505618	11.79775281	7.303370787	5.617977528	0
TCGA-D1-A3DH	160	89	3	152	8	0.053	2.342	12.5	31.57894737	42.10526316	7.236842105	5.263157895	1.315789474	0
TCGA-D1-A3JQ	54	29	0	52	2	0.038	0.763	19.23076923	11.53846154	50	11.53846154	1.923076923	5.769230769	0
TCGA-DF-A2KN	7942	4087	636	6828	1114	0.163	107.553	31.13649678	0.659050967	42.95547745	19.55184534	2.973052138	2.724077329	1
TCGA-DF-A2KR	156	86	3	147	9	0.061	2.263	19.72789116	16.32653061	31.97278912	18.36734694	10.88435374	2.721088435	0
TCGA-DF-A2KS	189	112	7	178	11	0.062	2.947	14.04494382	17.97752809	33.70786517	12.35955056	13.48314607	8.426966292	0
TCGA-DF-A2KZ	1154	580	128	842	312	0.371	15.263	13.06413302	1.425178147	64.8456057	15.79572447	2.019002375	2.850356295	1
TCGA-DF-A2L0	77	42	5	69	8	0.116	1.105	15.94202899	15.94202899	40.57971014	8.695652174	8.695652174	10.14492754	0
TCGA-DI-A0WH	920	560	105	782	138	0.176	14.737	11.25319693	2.173913043	53.19693095	27.87723785	4.219948849	1.278772379	1
TCGA-DI-A1BU	14485	7281	659	13162	1323	0.101	191.605	4.376234615	1.040875247	31.54535785	56.9442334	4.923263942	1.170034949	1
TCGA-DI-A1BY	98	57	6	87	11	0.126	1.5	12.64367816	4.597701149	67.81609195	9.195402299	3.448275862	2.298850575	0
TCGA-DI-A1C3	60	41	3	57	3	0.053	1.079	12.28070175	10.52631579	52.63157895	14.03508772	3.50877193	7.01754386	0
TCGA-DI-A1NN	76	45	2	73	3	0.041	1.184	15.06849315	9.589041096	56.16438356	13.69863014	4.109589041	1.369863014	0
TCGA-DI-A1NO	391	221	15	357	34	0.095	5.816	28.01120448	24.08963585	22.12885154	7.00280112	9.803921569	8.963585434	0
TCGA-DI-A2QT	38	22	1	35	3	0.086	0.579	25.71428571	11.42857143	48.57142857	8.571428571	0	5.714285714	0
TCGA-DI-A2QU	104	61	8	92	12	0.13	1.605	10.86956522	11.95652174	56.52173913	10.86956522	6.52173913	3.260869565	0
TCGA-DI-A2QY	161	109	1	154	7	0.045	2.868	20.77922078	24.02597403	35.06493506	11.03896104	5.194805195	3.896103896	0
TCGA-E6-A1LZ	356	230	4	350	6	0.017	6.053	14	43.71428571	34.57142857	3.714285714	2.857142857	1.142857143	0
TCGA-E6-A2P8	1127	548	142	797	330	0.414	14.421	8.78293601	2.132998745	59.84943538	21.706399	4.893350063	2.634880803	1
TCGA-E6-A2P9	1789	848	196	1271	518	0.408	22.316	14.0833989	1.730920535	60.73957514	15.26357199	4.248623131	3.933910307	1
TCGA-E6-A8L9	84	50	2	76	8	0.105	1.316	14.47368421	19.73684211	35.52631579	13.15789474	10.52631579	6.578947368	0
TCGA-EC-A1NJ	513	246	47	418	95	0.227	6.474	5.741626794	1.913875598	23.92344498	51.9138756	8.373205742	8.133971292	0
TCGA-EC-A1QX	1218	630	111	946	272	0.288	16.579	16.5961945	0.951374207	57.29386892	19.02748414	3.382663848	2.748414376	0
TCGA-EC-A24G	1905	993	34	1797	108	0.06	26.132	7.456872565	0.890372844	76.29382304	12.13132999	1.613800779	1.613800779	0
TCGA-EO-A1Y5	111	69	2	108	3	0.028	1.816	14.81481481	11.11111111	41.66666667	13.88888889	11.11111111	7.407407407	0
TCGA-EO-A1Y7	80	40	1	77	3	0.039	1.053	15.58441558	9.090909091	53.24675325	11.68831169	1.298701299	9.090909091	0
TCGA-EO-A1Y8	77	48	1	75	2	0.027	1.263	18.66666667	12	54.66666667	6.666666667	4	4	0
TCGA-EO-A22S	1344	622	198	875	469	0.536	16.368	10.05714286	2.4	64.45714286	19.2	1.6	2.285714286	1
TCGA-EO-A22T	1841	956	192	1459	382	0.262	25.158	15.49006169	1.782042495	61.41192598	17.20356408	2.261823167	1.850582591	1
TCGA-EO-A22Y	85	48	1	78	7	0.09	1.263	12.82051282	5.128205128	66.66666667	10.25641026	2.564102564	2.564102564	0
TCGA-EO-A2CG	55	34	2	51	4	0.078	0.895	11.76470588	9.803921569	60.78431373	9.803921569	5.882352941	1.960784314	0
TCGA-EO-A2CH	68	41	2	65	3	0.046	1.079	10.76923077	10.76923077	52.30769231	13.84615385	4.615384615	7.692307692	0
TCGA-EO-A3AS	255	151	8	239	16	0.067	3.974	19.24686192	22.59414226	30.9623431	10.87866109	8.368200837	7.949790795	0
TCGA-EO-A3AU	1326	656	168	943	383	0.406	17.263	12.83138918	1.696712619	71.15588547	9.968186638	2.863202545	1.484623542	1
TCGA-EO-A3AZ	1835	967	163	1441	394	0.273	25.447	6.037473976	1.318528799	79.80569049	9.784871617	1.665510062	1.387925052	1
TCGA-EO-A3B1	65	38	1	64	1	0.016	1	20.3125	10.9375	43.75	12.5	4.6875	7.8125	0
TCGA-EO-A3KU	88	54	1	86	2	0.023	1.421	9.302325581	19.76744186	39.53488372	12.79069767	9.302325581	9.302325581	0
TCGA-EO-A3KW	69	41	2	66	3	0.045	1.079	21.21212121	7.575757576	48.48484848	10.60606061	3.03030303	9.090909091	0
TCGA-EO-A3KX	6088	3061	594	4778	1310	0.274	80.553	27.9405609	1.004604437	43.36542486	19.71536208	4.143993303	3.830054416	1
TCGA-EO-A3L0	132	71	11	117	15	0.128	1.868	17.09401709	6.837606838	61.53846154	7.692307692	3.418803419	3.418803419	0
TCGA-EY-A1GC	70	33	2	65	5	0.077	0.868	9.230769231	10.76923077	63.07692308	4.615384615	10.76923077	1.538461538	0
TCGA-EY-A1GE	64	39	5	59	5	0.085	1.026	6.779661017	13.55932203	55.93220339	13.55932203	3.389830508	6.779661017	0
TCGA-EY-A1GF	693	322	79	500	193	0.386	8.474	16.8	2	56.4	17.8	5.4	1.6	1
TCGA-EY-A1GH	100	55	5	88	12	0.136	1.447	11.36363636	6.818181818	68.18181818	7.954545455	1.136363636	4.545454545	0
TCGA-EY-A1GJ	69	44	0	67	2	0.03	1.158	20.89552239	11.94029851	47.76119403	13.43283582	1.492537313	4.47761194	0
TCGA-EY-A1GK	1625	819	238	1131	494	0.437	21.553	13.26259947	2.740937224	54.46507515	23.51900973	2.210433245	3.801945181	1
TCGA-EY-A1GL	74	43	3	71	3	0.042	1.132	16.90140845	7.042253521	67.6056338	5.633802817	2.816901408	0	0
TCGA-EY-A1GM	63	33	1	58	5	0.086	0.868	8.620689655	5.172413793	60.34482759	13.79310345	6.896551724	5.172413793	0
TCGA-EY-A1GO	557	285	49	452	105	0.232	7.5	12.61061947	2.654867257	65.92920354	15.7079646	1.991150442	1.10619469	0
TCGA-EY-A1GP	57	29	3	53	4	0.075	0.763	16.98113208	16.98113208	50.94339623	7.547169811	5.660377358	1.886792453	0
TCGA-EY-A1GQ	924	444	93	671	253	0.377	11.684	10.13412817	1.788375559	54.54545455	27.27272727	3.576751118	2.682563338	1
TCGA-EY-A1GR	86	42	4	80	6	0.075	1.105	12.5	15	43.75	8.75	7.5	12.5	0
TCGA-EY-A1GS	508	346	3	499	9	0.018	9.105	8.817635271	43.48697395	44.48897796	1.402805611	1.20240481	0.601202405	0
TCGA-EY-A1GT	121	74	8	109	12	0.11	1.947	6.422018349	5.504587156	73.39449541	7.339449541	4.587155963	2.752293578	0
TCGA-EY-A1GU	2407	1154	125	2021	386	0.191	30.368	18.50569025	4.255319149	62.49381494	11.28154379	2.127659574	1.335972291	1
TCGA-EY-A1GV	54	35	1	51	3	0.059	0.921	11.76470588	19.60784314	41.17647059	11.76470588	5.882352941	9.803921569	0
TCGA-EY-A1GW	82	53	6	72	10	0.139	1.395	19.44444444	11.11111111	47.22222222	9.722222222	6.944444444	5.555555556	0
TCGA-EY-A1GX	133	72	5	123	10	0.081	1.895	15.44715447	4.87804878	60.97560976	12.19512195	3.25203252	3.25203252	0
TCGA-EY-A1H0	712	331	99	452	260	0.575	8.711	14.38053097	2.433628319	55.08849558	20.57522124	4.867256637	2.654867257	1
TCGA-EY-A210	63	29	2	58	5	0.086	0.763	17.24137931	8.620689655	51.72413793	10.34482759	10.34482759	1.724137931	0
TCGA-EY-A212	87	64	5	82	5	0.061	1.684	19.51219512	19.51219512	39.02439024	12.19512195	6.097560976	3.658536585	0
TCGA-EY-A214	91	49	0	87	4	0.046	1.289	19.54022989	13.79310345	33.33333333	18.3908046	10.34482759	4.597701149	0
TCGA-EY-A215	8405	4485	256	7857	548	0.07	118.026	23.27860507	0.394552628	58.1646939	12.72750414	1.654575538	3.780068729	1
TCGA-EY-A2OM	1284	609	163	840	444	0.529	16.026	14.88095238	1.904761905	60.35714286	16.54761905	3.571428571	2.738095238	1
TCGA-EY-A2ON	117	70	1	112	5	0.045	1.842	18.75	14.28571429	42.85714286	10.71428571	8.928571429	4.464285714	0
TCGA-EY-A2OO	95	65	4	86	9	0.105	1.711	9.302325581	6.976744186	72.09302326	4.651162791	3.488372093	3.488372093	0
TCGA-EY-A2OP	899	449	108	643	256	0.398	11.816	12.44167963	1.866251944	62.05287714	18.97356143	2.488335925	2.177293935	1
TCGA-EY-A2OQ	74	45	1	71	3	0.042	1.184	15.49295775	5.633802817	64.78873239	8.450704225	4.225352113	1.408450704	0
TCGA-EY-A3L3	93	52	2	86	7	0.081	1.368	12.79069767	20.93023256	44.18604651	11.62790698	6.976744186	3.488372093	0
TCGA-EY-A3QX	87	48	1	81	6	0.074	1.263	20.98765432	22.22222222	44.44444444	8.641975309	3.703703704	0	0
TCGA-EY-A4KR	145	71	3	132	13	0.098	1.868	15.15151515	23.48484848	38.63636364	12.12121212	2.272727273	8.333333333	0
TCGA-EY-A547	306	142	23	240	66	0.275	3.737	12.91666667	7.916666667	50.83333333	17.91666667	7.5	2.916666667	0
TCGA-EY-A548	1107	582	152	757	350	0.462	15.316	11.62483487	2.245706737	67.37120211	14.92734478	2.642007926	1.188903567	1
TCGA-EY-A549	2314	1306	142	1963	351	0.179	34.368	2.598064187	0.30565461	93.1737137	2.699949058	0.764136526	0.458481915	1
TCGA-EY-A54A	164	97	7	156	8	0.051	2.553	19.23076923	18.58974359	38.46153846	9.615384615	7.692307692	6.41025641	0
TCGA-EY-A5W2	1472	762	198	1067	405	0.38	20.053	13.58950328	1.312089972	60.63730084	19.77507029	2.06185567	2.624179944	1
TCGA-EY-A72D	79	48	2	73	6	0.082	1.263	17.80821918	6.849315068	52.05479452	10.95890411	8.219178082	4.109589041	0
TCGA-FI-A2CX	34	19	1	32	2	0.062	0.5	25	18.75	28.125	15.625	6.25	6.25	0
TCGA-FI-A2CY	61	34	1	59	2	0.034	0.895	8.474576271	10.16949153	62.71186441	10.16949153	1.694915254	6.779661017	0
TCGA-FI-A2D2	54	38	3	50	4	0.08	1	16	20	44	10	8	2	0
TCGA-FI-A2D4	704	319	86	468	236	0.504	8.395	11.75213675	3.632478632	63.03418803	16.88034188	3.418803419	1.282051282	1
TCGA-FI-A2D6	1246	616	183	844	402	0.476	16.211	12.08530806	2.725118483	59.00473934	21.09004739	2.962085308	2.132701422	1
TCGA-FI-A2EU	76	53	4	72	4	0.056	1.395	11.11111111	11.11111111	58.33333333	11.11111111	2.777777778	5.555555556	0
TCGA-FI-A2EW	144	95	4	139	5	0.036	2.5	15.10791367	17.98561151	52.51798561	7.194244604	2.877697842	4.316546763	0
TCGA-FI-A2EX	83	62	2	80	3	0.038	1.632	18.75	15	52.5	8.75	3.75	1.25	0
TCGA-FI-A2EY	157	95	3	149	8	0.054	2.5	12.75167785	19.46308725	50.33557047	10.73825503	4.697986577	2.013422819	0
TCGA-FI-A2F4	3618	1783	265	3071	547	0.178	46.921	17.32334744	0.586128297	41.28948225	34.90719635	4.298274178	1.595571475	1
TCGA-FI-A2F8	111	65	0	111	0	0	1.711	9.009009009	23.42342342	49.54954955	11.71171171	4.504504505	1.801801802	0
TCGA-FI-A2F9	69	44	4	62	7	0.113	1.158	19.35483871	9.677419355	46.77419355	16.12903226	3.225806452	4.838709677	0
TCGA-FI-A3PV	107	58	1	104	3	0.029	1.526	19.23076923	25.96153846	42.30769231	8.653846154	0.961538462	2.884615385	0
TCGA-FI-A3PX	135	80	2	131	4	0.031	2.105	14.50381679	19.08396947	41.98473282	9.923664122	3.816793893	10.6870229	0
TCGA-H5-A2HR	76	45	4	69	7	0.101	1.184	14.49275362	10.14492754	46.37681159	13.04347826	7.246376812	8.695652174	0
TCGA-JU-AAVI	84	49	3	79	5	0.063	1.289	16.4556962	12.65822785	48.10126582	12.65822785	6.329113924	3.797468354	0
TCGA-K6-A3WQ	55	34	1	53	2	0.038	0.895	16.98113208	13.20754717	45.28301887	18.86792453	0	5.660377358	0
TCGA-KP-A3VZ	153	70	3	148	5	0.034	1.842	18.91891892	18.24324324	35.81081081	10.13513514	10.13513514	6.756756757	0
TCGA-KP-A3W0	49	38	2	43	6	0.14	1	9.302325581	9.302325581	55.81395349	13.95348837	6.976744186	4.651162791	0
TCGA-KP-A3W1	76	40	2	72	4	0.056	1.053	13.88888889	9.722222222	58.33333333	9.722222222	2.777777778	5.555555556	0
TCGA-KP-A3W3	65	31	1	64	1	0.016	0.816	21.875	12.5	46.875	10.9375	1.5625	6.25	0
TCGA-KP-A3W4	77	47	3	73	4	0.055	1.237	23.28767123	19.17808219	41.09589041	8.219178082	5.479452055	2.739726027	0
TCGA-PG-A5BC	75	42	0	74	1	0.014	1.105	12.16216216	8.108108108	50	17.56756757	8.108108108	4.054054054	0
TCGA-PG-A6IB	812	418	72	625	187	0.299	11	14.88	2.56	64	13.92	2.4	2.24	0
TCGA-PG-A7D5	65	28	0	59	6	0.102	0.737	15.25423729	5.084745763	64.40677966	5.084745763	1.694915254	8.474576271	0
TCGA-PG-A914	231	134	4	226	5	0.022	3.526	13.27433628	32.30088496	44.69026549	3.097345133	4.424778761	2.212389381	0
TCGA-PG-A915	123	72	4	115	8	0.07	1.895	14.7826087	17.39130435	44.34782609	9.565217391	6.956521739	6.956521739	0
TCGA-PG-A916	67	41	8	58	9	0.155	1.079	17.24137931	12.06896552	53.44827586	6.896551724	5.172413793	5.172413793	0
TCGA-PG-A917	1373	699	138	1069	304	0.284	18.395	17.11880262	1.87090739	55.00467727	13.84471469	8.325537886	3.83536015	1
TCGA-QF-A5YT	12	7	0	11	1	0.091	0.184	9.090909091	0	54.54545455	27.27272727	9.090909091	0	0
TCGA-QS-A5YR	455	242	61	345	110	0.319	6.368	12.17391304	2.028985507	67.24637681	15.36231884	1.15942029	2.028985507	0
TCGA-QS-A744	107	58	1	100	7	0.07	1.526	16	9	58	9	4	4	0
TCGA-QS-A8F1	110	58	2	105	5	0.048	1.526	20	15.23809524	42.85714286	14.28571429	2.857142857	4.761904762	0
TCGA-SJ-A6ZI	2462	1276	50	2336	126	0.054	33.579	10.10273973	1.02739726	73.37328767	12.07191781	1.926369863	1.498287671	1
TCGA-SJ-A6ZJ	109	50	3	105	4	0.038	1.316	11.42857143	10.47619048	54.28571429	13.33333333	4.761904762	5.714285714	0
TCGA-SL-A6J9	81	48	2	77	4	0.052	1.263	14.28571429	9.090909091	57.14285714	10.38961039	5.194805195	3.896103896	0
TCGA-SL-A6JA	1360	723	179	1002	358	0.357	19.026	12.1756487	1.397205589	66.46706587	14.07185629	3.493013972	2.395209581	1